Title,Title_URL,Image,Likes,likes,comment,collect,share
他花费20万耗时15天复刻了三星堆黄金面具，连央妈都为其点赞!#传统手艺 #复刻 #黄金面具 #高手在民间 ,https://www.douyin.com/video/7349126838301576458,https://p3-pc-sign.douyinpic.com/tos-cn-i-pk90l89vgd/bb913e66616a4cddaabf83dccec7072f~tplv-dy-cropcenter:323:430.jpeg?biz_tag=pcweb_cover&from=3213915784&s=PackSourceEnum_PUBLISH&sc=cover&se=true&sh=323_430&x-expires=2032959600&x-signature=C6n51wOAHIHl3N0q4Mcd4ihUp4w%3D,50.7万,51.4万,6257,5.7万,2.5万
用鱼皮做衣服？看似天方夜谭，却是赫哲族延续千年的传统手艺 #非遗传承 #鱼皮衣 #赫哲族 #纪录片解说,https://www.douyin.com/video/7370294141483273507,https://p3-pc-sign.douyinpic.com/tos-cn-i-dy/0e1fd6469f1a48ad9c28538cf9a38645~tplv-dy-cropcenter:323:430.jpeg?biz_tag=pcweb_cover&from=3213915784&s=PackSourceEnum_PUBLISH&sc=cover&se=true&sh=323_430&x-expires=2032959600&x-signature=a%2BCS0jzwZGvIS1OfK2sZ7qWSUCE%3D,4.2万,4.3万,1949,4342,1.3万
“樟帮”作为中药炮制四大流派之一，其刀工绝技机器也得甘拜下风#非遗传承 #樟帮 #中药 #炮制 #纪录片解说 ,https://www.douyin.com/video/7343978405299358987,https://p3-pc-sign.douyinpic.com/tos-cn-i-pk90l89vgd/0e5d10d394b54c58bb5c8e0f3d0bab22~tplv-dy-cropcenter:323:430.jpeg?biz_tag=pcweb_cover&from=3213915784&s=PackSourceEnum_PUBLISH&sc=cover&se=true&sh=323_430&x-expires=2032959600&x-signature=oJaTwi5UCiN7xChWnPo01ywf4ys%3D,10.3万,10.3万,1823,5959,6528
3名老人把房子抬起来并移动，这样的老手艺你见过吗？ #传统手艺 #移房子 #手艺人 #纪录片,https://www.douyin.com/video/7376986561507872050,https://p3-pc-sign.douyinpic.com/tos-cn-i-dy/4fe370d9ae3d43abadb9b731ec1e4eb4~tplv-dy-cropcenter:323:430.jpeg?biz_tag=pcweb_cover&from=3213915784&s=PackSourceEnum_PUBLISH&sc=cover&se=true&sh=323_430&x-expires=2032959600&x-signature=AdthrnrhT%2Fye0DJoIwMKhV1VibA%3D,376,2194,58,415,192
不起眼的丝瓜络，经过小姐姐的巧手后身价直接翻倍 #传统手艺 #丝瓜络扇子 #手艺人 #纪录片解说,https://www.douyin.com/video/7376595253974945062,https://p9-pc-sign.douyinpic.com/tos-cn-i-dy/9928ea36ebf646869deeef4d70c3cff6~tplv-dy-cropcenter:323:430.jpeg?biz_tag=pcweb_cover&from=3213915784&s=PackSourceEnum_PUBLISH&sc=cover&se=true&sh=323_430&x-expires=2032959600&x-signature=6CNSnqgUU0CAZQA4fq3FPdqXE4M%3D,1097,2065,118,346,315
小姐姐用不起眼的牛骨，居然复刻出了故宫博物馆里的那件宝贝 #传统手艺 #竹编 #扇子 #复刻 #手艺人,https://www.douyin.com/video/7376219392096357682,https://p3-pc-sign.douyinpic.com/tos-cn-i-dy/179c76264f474c388ad0b5c269315f23~tplv-dy-cropcenter:323:430.jpeg?biz_tag=pcweb_cover&from=3213915784&s=PackSourceEnum_PUBLISH&sc=cover&se=true&sh=323_430&x-expires=2032959600&x-signature=rdwU%2Ftn7oARKgAhpDqM2BAUtVT4%3D,1993,2492,49,413,231
男人身价千万却一贫如洗，只因每年都要捐赠价值几十万的佛像 #非遗传承 #锻铜 #传统手艺 #纪录片解说,https://www.douyin.com/video/7375849268227149083,https://p3-pc-sign.douyinpic.com/tos-cn-i-dy/5eb6ae9435eb4069997e2c4c6e6dcd59~tplv-dy-cropcenter:323:430.jpeg?biz_tag=pcweb_cover&from=3213915784&s=PackSourceEnum_PUBLISH&sc=cover&se=true&sh=323_430&x-expires=2032959600&x-signature=ENW5%2Fv%2FcHNzVFF%2FEGkEdAvxTWeE%3D,5115,7176,256,629,294
为了得到这坨液体黄金，几个壮汉都差点累趴下 #传统手艺 #打酥油 #酥油茶 #美食 #纪录片解说,https://www.douyin.com/video/7375113853069282611,https://p9-pc-sign.douyinpic.com/tos-cn-i-dy/f82eec678f7842939b68b7e41ac176f0~tplv-dy-cropcenter:323:430.jpeg?biz_tag=pcweb_cover&from=3213915784&s=PackSourceEnum_PUBLISH&sc=cover&se=true&sh=323_430&x-expires=2032959600&x-signature=ZjMh%2BAm1ouUThDZ5plB9%2BGHsmqc%3D,568,606,39,111,35
牧民挖石头给山羊吃，这是什么操作？ #传统美食 #温宿 #烤全羊 #纪录片解说 #风物,https://www.douyin.com/video/7374743605359021324,https://p3-pc-sign.douyinpic.com/tos-cn-i-dy/f7c012ddea00474582e028f12d3fcd66~tplv-dy-cropcenter:323:430.jpeg?biz_tag=pcweb_cover&from=3213915784&s=PackSourceEnum_PUBLISH&sc=cover&se=true&sh=323_430&x-expires=2032959600&x-signature=5UlVBs30mhBnYeq7t0NUOTysFDc%3D,960,1042,22,352,54
作为唯一可以吃的国家一级保护植物，你千万不能随意采摘 #传统手艺 #莼菜  #纪录片解说 #涨知识,https://www.douyin.com/video/7374372863182261516,https://p3-pc-sign.douyinpic.com/tos-cn-i-dy/3f5f1d435f5245bfbb1b97d93fa54f5e~tplv-dy-cropcenter:323:430.jpeg?biz_tag=pcweb_cover&from=3213915784&s=PackSourceEnum_PUBLISH&sc=cover&se=true&sh=323_430&x-expires=2032959600&x-signature=8ULv8dTmfMS9%2F1eQb4CgBc0iTh4%3D,1127,1160,71,233,137
你知道古代没有冰箱是如何保鲜的吗？ #传统手艺 #风物  #纪录片解说#开眼界了,https://www.douyin.com/video/7374003059300502838,https://p3-pc-sign.douyinpic.com/tos-cn-i-dy/85ec657d7d4844b0a331471f062eea5d~tplv-dy-cropcenter:323:430.jpeg?biz_tag=pcweb_cover&from=3213915784&s=PackSourceEnum_PUBLISH&sc=cover&se=true&sh=323_430&x-expires=2032959600&x-signature=4PtzSWq%2BD06lkuA4pqvCeyLtKI0%3D,8038,9666,476,1598,939
老人将活生生的梅树一劈为二，只为完成一项极其病态的古老艺术 #传统手艺 #劈梅 #自然科普 #纪录片解说,https://www.douyin.com/video/7373629746770365707,https://p3-pc-sign.douyinpic.com/tos-cn-i-dy/354e5932ffce46bcae18480f5bf57246~tplv-dy-cropcenter:323:430.jpeg?biz_tag=pcweb_cover&from=3213915784&s=PackSourceEnum_PUBLISH&sc=cover&se=true&sh=323_430&x-expires=2032959600&x-signature=SoQFq%2ByE8EPuSrGkz%2BWe696ekvk%3D,496,545,24,76,27
男人将绣花做到极致，作品还被当作国礼赠予外国元首 #非遗传承 #广绣 #手工 #纪录片解说,https://www.douyin.com/video/7372876636116552979,https://p3-pc-sign.douyinpic.com/tos-cn-i-dy/9e4953ebfcde444ba5ddb2b83504812b~tplv-dy-cropcenter:323:430.jpeg?biz_tag=pcweb_cover&from=3213915784&s=PackSourceEnum_PUBLISH&sc=cover&se=true&sh=323_430&x-expires=2032959600&x-signature=u3rAV51VUIZITUX77GeXdGa9V4s%3D,8847,9700,374,970,610
用见血封喉树的树皮做衣服?是黎族延续千年的传统手艺 #非遗传承  #树皮衣 #黎族 #纪录片解说,https://www.douyin.com/video/7372515798159510838,https://p3-pc-sign.douyinpic.com/tos-cn-i-dy/85b31091affe4f43a055f03bb2eab26c~tplv-dy-cropcenter:323:430.jpeg?biz_tag=pcweb_cover&from=3213915784&s=PackSourceEnum_PUBLISH&sc=cover&se=true&sh=323_430&x-expires=2032959600&x-signature=cFKExzzYTl18z2GeXcXiYKfBXmA%3D,619,709,21,82,39
古籍修复师将沉睡两千多年的竹简复活，揭开了未曾出现的论语篇章 #古籍修复 #考古 #竹简 #纪录片解说,https://www.douyin.com/video/7372153014963948839,https://p3-pc-sign.douyinpic.com/tos-cn-i-dy/dc69a5ed80ac4a8ba4e27d93ec01f987~tplv-dy-cropcenter:323:430.jpeg?biz_tag=pcweb_cover&from=3213915784&s=PackSourceEnum_PUBLISH&sc=cover&se=true&sh=323_430&x-expires=2032959600&x-signature=7KNtH09pvxvxN7lcVcf9kK9lrHc%3D,2.6万,3.0万,1581,2979,2733
一般人干不了甚至门都进不去的职业“古籍修复师” #匠人匠心 #古籍修复师 #传统手艺 #纪录片解说,https://www.douyin.com/video/7371772925608840482,https://p3-pc-sign.douyinpic.com/tos-cn-i-dy/ce82164faee743ea8df38e3a938fec25~tplv-dy-cropcenter:323:430.jpeg?biz_tag=pcweb_cover&from=3213915784&s=PackSourceEnum_PUBLISH&sc=cover&se=true&sh=323_430&x-expires=2032959600&x-signature=0bWvaRvXHvtOCpQTEEDF9%2FvrM%2Bg%3D,4928,5016,465,609,219
这段珍贵的影像，记录了老人最后一次制作羊皮筏的过程 #传统手艺 #羊皮筏 #纪录片解说 #珍贵影像,https://www.douyin.com/video/7371025795847818496,https://p3-pc-sign.douyinpic.com/tos-cn-i-dy/6b799c023b6846d9b0bc55ba70a45c3a~tplv-dy-cropcenter:323:430.jpeg?biz_tag=pcweb_cover&from=3213915784&s=PackSourceEnum_PUBLISH&sc=cover&se=true&sh=323_430&x-expires=2032959600&x-signature=rGWp5UqwsrCnUYjCJEoBwcebCfQ%3D,1703,1785,69,296,163
几近失传的绞丝镯，制作过程真是太震撼了，犹如鬼斧神工 #非遗传承 #手镯 #手工艺 #纪录片解说,https://www.douyin.com/video/7369904058338938127,https://p3-pc-sign.douyinpic.com/tos-cn-i-dy/b2d923b87acf4a26afc6130a990c15c5~tplv-dy-cropcenter:323:430.jpeg?biz_tag=pcweb_cover&from=3213915784&s=PackSourceEnum_PUBLISH&sc=cover&se=true&sh=323_430&x-expires=2032959600&x-signature=6Ng7mAiyf8VlyDeA9QsgZOW4jHc%3D,1399,1731,86,326,205
全村的老人开着三蹦子出动收集树叶，结果用途真是令人意想不到 #非遗传承 #中药炮制 #本草 #纪录片解说,https://www.douyin.com/video/7369158971585826085,https://p3-pc-sign.douyinpic.com/tos-cn-i-dy/52fc7e61926d412d9a32615c2c96aa3e~tplv-dy-cropcenter:323:430.jpeg?biz_tag=pcweb_cover&from=3213915784&s=PackSourceEnum_PUBLISH&sc=cover&se=true&sh=323_430&x-expires=2032959600&x-signature=pfWTzzSrqtNtaykO4CNN4gvt240%3D,541,557,11,119,23
原来看似简单的一个水龙头制作过程居然这么复杂 #制作过程 #纪录片解说 #涨知识 #科普,https://www.douyin.com/video/7368782109344812339,https://p3-pc-sign.douyinpic.com/tos-cn-i-dy/7726a2bb5d1640ac91c4a5b21105cfb0~tplv-dy-cropcenter:323:430.jpeg?biz_tag=pcweb_cover&from=3213915784&s=PackSourceEnum_PUBLISH&sc=cover&se=true&sh=323_430&x-expires=2032959600&x-signature=%2BlmDeoWzupHpEcPD2me4IM9QnxI%3D,2179,2192,29,518,192
以阳土、阴土古法炮制，历经200多道工序，才能得到这么一粒 #非遗传承 #古法炮制 #纪录片解说 #涨知识,https://www.douyin.com/video/7368422027268607259,https://p3-pc-sign.douyinpic.com/tos-cn-i-dy/6b1bc1c6cd3342b79032b3791a3bcf12~tplv-dy-cropcenter:323:430.jpeg?biz_tag=pcweb_cover&from=3213915784&s=PackSourceEnum_PUBLISH&sc=cover&se=true&sh=323_430&x-expires=2032959600&x-signature=lV8vq3Z2Dp37zJc2BfZuSaWQ4jw%3D,1231,1331,88,284,123
为了这株小草，老人足足等了7年时间，终于苦尽甘来！ #传统手艺 #黄连 #纪录片解说 #涨知识,https://www.douyin.com/video/7367644992149523763,https://p3-pc-sign.douyinpic.com/tos-cn-i-dy/703e295b2d4f4e7cad679bb6754e8a82~tplv-dy-cropcenter:323:430.jpeg?biz_tag=pcweb_cover&from=3213915784&s=PackSourceEnum_PUBLISH&sc=cover&se=true&sh=323_430&x-expires=2032959600&x-signature=%2F9QALDkJFtoDH0xRmmf6Gd%2FXhlg%3D,2.4万,2.5万,687,2137,1095
历经九天九夜熬煮外加99道工序，才能得到这么一块胶中极品！#非遗传承 #九朝贡胶 #传统手艺 #纪录片解说 ,https://www.douyin.com/video/7366936697180785970,https://p3-pc-sign.douyinpic.com/tos-cn-i-pk90l89vgd/34dea5f0051f41c8aa9058e91db96671~tplv-dy-cropcenter:323:430.jpeg?biz_tag=pcweb_cover&from=3213915784&s=PackSourceEnum_PUBLISH&sc=cover&se=true&sh=323_430&x-expires=2032959600&x-signature=hDaGL9cxKhTYIdytZ8u7RbKnbzc%3D,416,424,16,113,25
古法酿醋—冬捞冰夏晒伏，耗时大半年才能得到这口醋花绵密的味道！#非遗传承 #酿醋 #传统手艺 #涨知识 ,https://www.douyin.com/video/7366216694248885516,https://p3-pc-sign.douyinpic.com/tos-cn-i-pk90l89vgd/c665f88b2d864179bc7d43bb3a4f5e11~tplv-dy-cropcenter:323:430.jpeg?biz_tag=pcweb_cover&from=3213915784&s=PackSourceEnum_PUBLISH&sc=cover&se=true&sh=323_430&x-expires=2032959600&x-signature=QeMZAz7jz1Nt%2BvgLlmbNrrhh%2B0Y%3D,1368,1390,19,440,100
令人谈之色变的生漆，怒江人却用漆树的果实榨油，还奉为人间美味#传统手艺 #漆油 #纪录片解说 #漆油鸡 ,https://www.douyin.com/video/7363589164878581030,https://p3-pc-sign.douyinpic.com/tos-cn-i-pk90l89vgd/bad37336f83f463192aa9b41b220f0f0~tplv-dy-cropcenter:323:430.jpeg?biz_tag=pcweb_cover&from=3213915784&s=PackSourceEnum_PUBLISH&sc=cover&se=true&sh=323_430&x-expires=2032959600&x-signature=XbN37dzAWrsKrVRCJBL%2B6muRhUY%3D,3499,3514,732,532,437
藏传古老手艺—药泥面具，配对了飘香扑鼻，错了就会奇臭无比！#非遗传承 #药泥面具 #藏药 #手艺人 #纪录片 ,https://www.douyin.com/video/7361743051980655910,https://p3-pc-sign.douyinpic.com/tos-cn-i-pk90l89vgd/6d48fa90cec0429a9afef8a440c09f0a~tplv-dy-cropcenter:323:430.jpeg?biz_tag=pcweb_cover&from=3213915784&s=PackSourceEnum_PUBLISH&sc=cover&se=true&sh=323_430&x-expires=2032959600&x-signature=ic3iGL3mIt3m0T8ineLsV%2BqI02g%3D,1.1万,1.1万,167,715,549
老人耗费4年心血，将两版《清明上河图》刻画于12米的巨木上面#非遗传承 #莆田木雕 #清明上河图 #大国工匠 ,https://www.douyin.com/video/7360292853395754252,https://p3-pc-sign.douyinpic.com/tos-cn-i-pk90l89vgd/86011f1920cd48f4a0c5206c77bd9ddf~tplv-dy-cropcenter:323:430.jpeg?biz_tag=pcweb_cover&from=3213915784&s=PackSourceEnum_PUBLISH&sc=cover&se=true&sh=323_430&x-expires=2032959600&x-signature=8SCSm2MtBey8BlWZjcmcFCE03ag%3D,727,746,26,144,47
老人在制作人生最后一批红曲，一个星期过后这门老手艺就要失传了#传统手艺 #红曲 #纪录片 #涨知识 ,https://www.douyin.com/video/7359161870705528075,https://p3-pc-sign.douyinpic.com/tos-cn-i-pk90l89vgd/1fcadf9b21df4f3d8c8831dddf799337~tplv-dy-cropcenter:323:430.jpeg?biz_tag=pcweb_cover&from=3213915784&s=PackSourceEnum_PUBLISH&sc=cover&se=true&sh=323_430&x-expires=2032959600&x-signature=IrtS91F5Sk%2FgX2BOgnv2cH5%2BZl4%3D,457,463,20,93,20
老药工以水火共用的古法炮制，将毒药变成了一味救人医病的良药！#非遗传承 #附子 #中药炮制 #纪录片解说 ,https://www.douyin.com/video/7358437728557485322,https://p3-pc-sign.douyinpic.com/tos-cn-i-pk90l89vgd/a602baf5531445d39097b1d8cecd7dbb~tplv-dy-cropcenter:323:430.jpeg?biz_tag=pcweb_cover&from=3213915784&s=PackSourceEnum_PUBLISH&sc=cover&se=true&sh=323_430&x-expires=2032959600&x-signature=4jafCuRM40R7jT7akS8r8NSgTMo%3D,9878,1.0万,902,1672,566
没人要的破竹根居然被老人化腐朽为神奇，成为你高攀不起的样子#非遗传承 #竹根雕 #手艺人 #纪录片解说 ,https://www.douyin.com/video/7357294005115194660,https://p3-pc-sign.douyinpic.com/tos-cn-i-pk90l89vgd/a9e10cb2054a4e0f885a356ea9726ab9~tplv-dy-cropcenter:323:430.jpeg?biz_tag=pcweb_cover&from=3213915784&s=PackSourceEnum_PUBLISH&sc=cover&se=true&sh=323_430&x-expires=2032959600&x-signature=xDtKt8dRWqwzp9EG38BW0tdxRB8%3D,382,388,12,73,18
原来被誉为“软黄金”的香云纱，居然是一滩烂泥的杰作！#非遗传承 #香云纱 #丝绸 #传统手艺 #纪录片解说 ,https://www.douyin.com/video/7356565778939923750,https://p3-pc-sign.douyinpic.com/tos-cn-i-pk90l89vgd/6de4854856be4d2b9930eae86bbe1dbf~tplv-dy-cropcenter:323:430.jpeg?biz_tag=pcweb_cover&from=3213915784&s=PackSourceEnum_PUBLISH&sc=cover&se=true&sh=323_430&x-expires=2032959600&x-signature=%2FVqLue%2F8tSiztk0aGN7autTGcDY%3D,8203,8418,623,1516,1352
老人在做着人生最后一只瑶族长鼓，而这项手艺在不久后也即将失传#传统手艺 #瑶族长鼓 #匠心制作 #纪录片解说 ,https://www.douyin.com/video/7355828489196473637,https://p3-pc-sign.douyinpic.com/tos-cn-i-pk90l89vgd/2e3e79f1041e412786b44f145662f8a0~tplv-dy-cropcenter:323:430.jpeg?biz_tag=pcweb_cover&from=3213915784&s=PackSourceEnum_PUBLISH&sc=cover&se=true&sh=323_430&x-expires=2032959600&x-signature=mtfhBliEoOasG5gf%2B42AVs0dasc%3D,3464,3506,121,439,173
装酒不漏一滴，装水一滴不剩的巨大酒海，其中的秘密到底是什么？#非遗传承 #酒海 #传统手艺 #纪录片解说 ,https://www.douyin.com/video/7355072281971936524,https://p3-pc-sign.douyinpic.com/tos-cn-i-pk90l89vgd/291130d0ab714bb8878de4f328705f74~tplv-dy-cropcenter:323:430.jpeg?biz_tag=pcweb_cover&from=3213915784&s=PackSourceEnum_PUBLISH&sc=cover&se=true&sh=323_430&x-expires=2032959600&x-signature=%2BBPbAsRJ4x7t3aszBjoaCKwuA%2Bc%3D,1152,1156,50,201,113
男人用破麻布给佛像敷个面膜，居然能传承千年，太神奇了#非遗传承 #干漆夹苎 #传统手艺 #纪录片解说 ,https://www.douyin.com/video/7353610455308455180,https://p3-pc-sign.douyinpic.com/tos-cn-i-pk90l89vgd/beb7bf75ace34871b2f2900f9b63ffee~tplv-dy-cropcenter:323:430.jpeg?biz_tag=pcweb_cover&from=3213915784&s=PackSourceEnum_PUBLISH&sc=cover&se=true&sh=323_430&x-expires=2032959600&x-signature=LfFsQDLZ9V0RlNA76v7zZy7MOOg%3D,9862,9886,194,1044,574
散布在金门岛的数十万枚破弹壳，却被老人变废为宝#传统手艺 #金门菜刀 #匠心制作 #纪录片解说 ,https://www.douyin.com/video/7352837976902077722,https://p3-pc-sign.douyinpic.com/tos-cn-i-pk90l89vgd/62a50ff10c2b47e697eb83b2973e3f8a~tplv-dy-cropcenter:323:430.jpeg?biz_tag=pcweb_cover&from=3213915784&s=PackSourceEnum_PUBLISH&sc=cover&se=true&sh=323_430&x-expires=2032959600&x-signature=ptwE9P6DGh0nqkBIiTKsV90ejwg%3D,3.8万,3.8万,81,5452,2118
邹族人冒着风险也要采摘的爱玉果到底有何魔力？#传统手艺 #爱玉果 #爱玉冰 #纪录片解说 ,https://www.douyin.com/video/7351726182196383014,https://p3-pc-sign.douyinpic.com/tos-cn-i-pk90l89vgd/40f3c7a6271041b5bc41f4cf1ed5cf6b~tplv-dy-cropcenter:323:430.jpeg?biz_tag=pcweb_cover&from=3213915784&s=PackSourceEnum_PUBLISH&sc=cover&se=true&sh=323_430&x-expires=2032959600&x-signature=jsWTqGRWKY0OyjnKbJMV%2F%2BS5BqE%3D,1.5万,1.5万,1449,2692,1657
一寸长的白芍切成360片不到0.1毫米，让老人荣登吉尼斯世界纪录之最#非遗传承 #中药 #炮制 #纪录片解说 ,https://www.douyin.com/video/7350241173388201266,https://p3-pc-sign.douyinpic.com/tos-cn-i-pk90l89vgd/a0dd5b80c5a04533952f41481659e95a~tplv-dy-cropcenter:323:430.jpeg?biz_tag=pcweb_cover&from=3213915784&s=PackSourceEnum_PUBLISH&sc=cover&se=true&sh=323_430&x-expires=2032959600&x-signature=aoSBhVYWH%2BWXXXVPvT4dgci09G0%3D,1314,1316,37,131,53
老人给大树做外科手术，还用保鲜膜延续生命#非遗传承 #杜仲皮 #本草 #纪录片解说 ,https://www.douyin.com/video/7348411632470560036,https://p3-pc-sign.douyinpic.com/tos-cn-i-pk90l89vgd/7848f72160dd4cd48cfebc71562a886d~tplv-dy-cropcenter:323:430.jpeg?biz_tag=pcweb_cover&from=3213915784&s=PackSourceEnum_PUBLISH&sc=cover&se=true&sh=323_430&x-expires=2032959600&x-signature=eJvHS0zEuWQ7A22fwC8PIaztSlM%3D,841,843,32,131,32
被誉为江南水八鲜之首的“鸡头米”也是药食同源的一味珍贵本草#非遗传承 #鸡头米 #本草 #纪录片解说 ,https://www.douyin.com/video/7348055531275242771,https://p3-pc-sign.douyinpic.com/tos-cn-i-pk90l89vgd/4bd632441b40498ebd10e4e9b0eb639f~tplv-dy-cropcenter:323:430.jpeg?biz_tag=pcweb_cover&from=3213915784&s=PackSourceEnum_PUBLISH&sc=cover&se=true&sh=323_430&x-expires=2032959600&x-signature=bUOEqImYWeBj21NQ9s7Ovi8KBvs%3D,510,512,19,87,44
一块不起眼的石头，在门巴族人手中敲敲打打就能身价翻倍#非遗传承 #墨脱石锅 #传统手艺 #纪录片解说 ,https://www.douyin.com/video/7346941524640353562,https://p3-pc-sign.douyinpic.com/tos-cn-i-pk90l89vgd/216e30d04a0a4376a72e063f2044cc7f~tplv-dy-cropcenter:323:430.jpeg?biz_tag=pcweb_cover&from=3213915784&s=PackSourceEnum_PUBLISH&sc=cover&se=true&sh=323_430&x-expires=2032959600&x-signature=AV8pkCc3Q94hSk6k7tK6C8kHMRM%3D,9520,9903,1176,777,510
呕心沥血耗费人力财力绘成的坛城沙画，为何要年年建造年年毁？#传统文化习俗 #坛城 #沙画 #纪录片解说 ,https://www.douyin.com/video/7346538483277761804,https://p3-pc-sign.douyinpic.com/tos-cn-i-pk90l89vgd/ac86ca14f1354b1ea434485a6666e0cf~tplv-dy-cropcenter:323:430.jpeg?biz_tag=pcweb_cover&from=3213915784&s=PackSourceEnum_PUBLISH&sc=cover&se=true&sh=323_430&x-expires=2032959600&x-signature=Jqf4IF0jdRoiK1N%2F5KwkFinAQ38%3D,4185,4193,1079,306,229
凝聚了几十种药材与高山雪水的尼木藏香，到底有何神奇之处？#非遗传承 #藏香 #传统手艺 #纪录片解说 ,https://www.douyin.com/video/7345802329934794022,https://p3-pc-sign.douyinpic.com/tos-cn-i-pk90l89vgd/b301ee7bb8e24d14bf105362f993a0fa~tplv-dy-cropcenter:323:430.jpeg?biz_tag=pcweb_cover&from=3213915784&s=PackSourceEnum_PUBLISH&sc=cover&se=true&sh=323_430&x-expires=2032959600&x-signature=6xupXJFlWrmklngUMTwbWPaxT%2FA%3D,1.6万,1.6万,247,1392,804
作为藏族唯一的渔村，俊巴人一直延续着捕鱼为生的传统习俗#非遗传承 #牛皮筏 #传统手艺 #纪录片解说 ,https://www.douyin.com/video/7345426659694218507,https://p3-pc-sign.douyinpic.com/tos-cn-i-pk90l89vgd/e3b28c69bbf1463ea06b33fb3b052f19~tplv-dy-cropcenter:323:430.jpeg?biz_tag=pcweb_cover&from=3213915784&s=PackSourceEnum_PUBLISH&sc=cover&se=true&sh=323_430&x-expires=2032959600&x-signature=4VBfSnAySThcwwIsWi7C7LbJeZg%3D,4536,4547,571,734,943
原来武侠剧中的“黑玉断续膏”在现实中也真实存在#非遗传承 #自然铜 #中药炮制 #纪录片解说 #涨知识 ,https://www.douyin.com/video/7344689544022740263,https://p9-pc-sign.douyinpic.com/tos-cn-i-pk90l89vgd/381c40e8fbfb42019cdf13b2206e7caa~tplv-dy-cropcenter:323:430.jpeg?biz_tag=pcweb_cover&from=3213915784&s=PackSourceEnum_PUBLISH&sc=cover&se=true&sh=323_430&x-expires=2032959600&x-signature=5LVy3xw0exZ3CraQmRQ93h0w3HQ%3D,568,570,18,101,31
酒痴不但在庭院底下埋藏20万斤白酒，还掌握着一套古法酿制工艺#传统工艺酿酒 #老手艺 #纪录片解说 #涨知识 ,https://www.douyin.com/video/7343608116644154674,https://p3-pc-sign.douyinpic.com/tos-cn-i-pk90l89vgd/d988dd924d7748da8f708cdf294220fe~tplv-dy-cropcenter:323:430.jpeg?biz_tag=pcweb_cover&from=3213915784&s=PackSourceEnum_PUBLISH&sc=cover&se=true&sh=323_430&x-expires=2032959600&x-signature=N8dxDhFvfq9I%2F3wpKIydGnFXC2c%3D,8312,8311,182,1641,584
这是中国唯一一个男嫁女娶的部落，上千年的制盐手艺传女不传男#传统习俗 #嫁娶 #古法制盐 #纪录片充电计划 ,https://www.douyin.com/video/7343225394985864502,https://p3-pc-sign.douyinpic.com/tos-cn-i-pk90l89vgd/819de0eae5504c3fb51a92d5611e19ff~tplv-dy-cropcenter:323:430.jpeg?biz_tag=pcweb_cover&from=3213915784&s=PackSourceEnum_PUBLISH&sc=cover&se=true&sh=323_430&x-expires=2032959600&x-signature=dgEgGi2KDmnj7R3AUtWcR605vrA%3D,3.8万,3.8万,1391,3583,1.6万
原来比人参还难找的天麻，居然是无根无叶的#天麻 #中药本草 #传统手艺 #纪录片解说 ,https://www.douyin.com/video/7342817797858250021,https://p3-pc-sign.douyinpic.com/tos-cn-i-pk90l89vgd/e2e5f35f354443188c702b0c802e64b5~tplv-dy-cropcenter:323:430.jpeg?biz_tag=pcweb_cover&from=3213915784&s=PackSourceEnum_PUBLISH&sc=cover&se=true&sh=323_430&x-expires=2032959600&x-signature=czMpWz87vnRQgQsD0oO25Nybcqg%3D,393,394,5,68,20
“古法炼铁”穿越必备技能之一#非遗传承 #古法炼铁 #传统手艺 #纪录片解说 #涨知识 ,https://www.douyin.com/video/7341709614511181106,https://p3-pc-sign.douyinpic.com/tos-cn-i-pk90l89vgd/51ce1184403b4c0e992dea106bed38fd~tplv-dy-cropcenter:323:430.jpeg?biz_tag=pcweb_cover&from=3213915784&s=PackSourceEnum_PUBLISH&sc=cover&se=true&sh=323_430&x-expires=2032959600&x-signature=KfW00B%2BA48zJnLsoatyLP%2B5jHXc%3D,1235,1239,30,301,61
只因年轻人连辈分都搞不清楚，族老们打算重修断代将近百年的族谱#非遗传承 #修谱师 #手艺人 #纪录片充电计划 ,https://www.douyin.com/video/7340949702688378151,https://p3-pc-sign.douyinpic.com/tos-cn-i-pk90l89vgd/869c38ce6e754fb6829c910accd43ba8~tplv-dy-cropcenter:323:430.jpeg?biz_tag=pcweb_cover&from=3213915784&s=PackSourceEnum_PUBLISH&sc=cover&se=true&sh=323_430&x-expires=2032959600&x-signature=OSQy%2BOb0wwwFTrCezGD2MiEzIfw%3D,1.3万,1.3万,1228,1234,416
“谁知盘中餐，粒粒皆辛苦”这句话你体会过吗？#传统文化 #古人智慧 #种水稻 #涨知识 ,https://www.douyin.com/video/7332690520105356555,https://p3-pc-sign.douyinpic.com/tos-cn-i-pk90l89vgd/8999b898946149f8900bb3e0bd5ea589~tplv-dy-cropcenter:323:430.jpeg?biz_tag=pcweb_cover&from=3213915784&s=PackSourceEnum_PUBLISH&sc=cover&se=true&sh=323_430&x-expires=2032959600&x-signature=6m2%2BQFOrVVlNni1zx6zyzGqr83s%3D,1062,1062,29,345,103
原来古人捕鱼是用的鱼藤根的汁液，真是太聪明了#传统手艺 #古法 #捕鱼 #纪录片充电计划 #涨知识 ,https://www.douyin.com/video/7330586917882432795,https://p3-pc-sign.douyinpic.com/tos-cn-i-pk90l89vgd/584727409ee34d1f8fb02efa6cd410c1~tplv-dy-cropcenter:323:430.jpeg?biz_tag=pcweb_cover&from=3213915784&s=PackSourceEnum_PUBLISH&sc=cover&se=true&sh=323_430&x-expires=2032959600&x-signature=IGokdHGKzu6r3rlYCenrd5Jihf4%3D,658,660,13,154,33
原来生活在川西高原上的古尔沟人，棉花居然是用来做面条的#非遗 #美食 #野棉花 #纪录片解说 #涨知识 ,https://www.douyin.com/video/7329490177313754407,https://p3-pc-sign.douyinpic.com/tos-cn-i-pk90l89vgd/1b2309901d254cb595ea41d824d6efed~tplv-dy-cropcenter:323:430.jpeg?biz_tag=pcweb_cover&from=3213915784&s=PackSourceEnum_PUBLISH&sc=cover&se=true&sh=323_430&x-expires=2032959600&x-signature=3IKTK1jfo7LU2QCdMrZ7SggmM3Y%3D,327,330,11,50,27
用老鹰的翅骨做笛子，是老人生前最后一次展现这项神秘技艺#非遗传承 #鹰笛 #手艺人 #纪录片解说 #涨知识 ,https://www.douyin.com/video/7328343527610486057,https://p3-pc-sign.douyinpic.com/tos-cn-i-pk90l89vgd/fc92a856332344f49983689f847a56a1~tplv-dy-cropcenter:323:430.jpeg?biz_tag=pcweb_cover&from=3213915784&s=PackSourceEnum_PUBLISH&sc=cover&se=true&sh=323_430&x-expires=2032959600&x-signature=ksoLUCIRs2VotE2J3UC65Kkg2oY%3D,921,927,23,143,46
老人买米不是拿来吃，而是在上面进行不可思议的雕刻创作#非遗传承 #米雕 #手艺人 #高手在民间 #纪录片解说 ,https://www.douyin.com/video/7327241457776053530,https://p3-pc-sign.douyinpic.com/tos-cn-i-pk90l89vgd/c705f88e60274db29abb55f6bb25fc50~tplv-dy-cropcenter:323:430.jpeg?biz_tag=pcweb_cover&from=3213915784&s=PackSourceEnum_PUBLISH&sc=cover&se=true&sh=323_430&x-expires=2032959600&x-signature=bcu9IRl0C5QjPFwJ9azOUPdauE4%3D,2.9万,2.9万,45,3621,4332
原来传承了500多年的德昂水鼓制作这么复杂#非遗传承 #德昂水鼓 #手艺人 #纪录片解说 ,https://www.douyin.com/video/7326127690371632410,https://p3-pc-sign.douyinpic.com/tos-cn-i-pk90l89vgd/a4f3471d4b2a44abb41fdb5e960d529b~tplv-dy-cropcenter:323:430.jpeg?biz_tag=pcweb_cover&from=3213915784&s=PackSourceEnum_PUBLISH&sc=cover&se=true&sh=323_430&x-expires=2032959600&x-signature=npfegoTH3VYWZU9XWQUVY9E%2Ba7w%3D,2407,2405,41,420,119
原来这就是被称为沙漠人参的“肉苁蓉”那么你见过吗？#非遗传承 #肉苁蓉 #本草 #纪录片解说 #涨知识 ,https://www.douyin.com/video/7324632742128323849,https://p3-pc-sign.douyinpic.com/tos-cn-i-pk90l89vgd/6275ab07a6f141f198f32bfd1e322496~tplv-dy-cropcenter:323:430.jpeg?biz_tag=pcweb_cover&from=3213915784&s=PackSourceEnum_PUBLISH&sc=cover&se=true&sh=323_430&x-expires=2032959600&x-signature=jYyoxtLDtahKGfOUxIKc4ZAGTK0%3D,1.2万,1.2万,500,1916,1149
原来传说中的金丹真的存在，成型后直径仅有1毫米#非遗传承 #中医 #药丸 #传统手艺 #纪录片解说 ,https://www.douyin.com/video/7323922095031848219,https://p3-pc-sign.douyinpic.com/tos-cn-i-pk90l89vgd/f0efaf9340e444488c2c58baa956f4a6~tplv-dy-cropcenter:323:430.jpeg?biz_tag=pcweb_cover&from=3213915784&s=PackSourceEnum_PUBLISH&sc=cover&se=true&sh=323_430&x-expires=2032959600&x-signature=iZ%2Be%2BXGkkQ18hP%2BWZyrAERAx4vg%3D,788,793,22,167,51
老人在地里刨着一件宝贝，而这也关系着他们往后一年的命运#非遗传承 #百合 #本草 #涨知识 #纪录片解说 ,https://www.douyin.com/video/7322422945752632588,https://p3-pc-sign.douyinpic.com/tos-cn-i-pk90l89vgd/2e9eebc3de924013bf886ddbcf13c753~tplv-dy-cropcenter:323:430.jpeg?biz_tag=pcweb_cover&from=3213915784&s=PackSourceEnum_PUBLISH&sc=cover&se=true&sh=323_430&x-expires=2032959600&x-signature=poxAflrgNjF5LJFIEeDaI%2B3d9%2B0%3D,433,434,10,79,17
价比黄金的霍山石斛，你见过吗？#霍山石斛 #本草 #纪录片解说 #涨知识 ,https://www.douyin.com/video/7322027590334663962,https://p3-pc-sign.douyinpic.com/tos-cn-i-pk90l89vgd/b7b825ee124e458a9855530e857eee40~tplv-dy-cropcenter:323:430.jpeg?biz_tag=pcweb_cover&from=3213915784&s=PackSourceEnum_PUBLISH&sc=cover&se=true&sh=323_430&x-expires=2032959600&x-signature=kVsgDKd%2FVggFWDc97MDeMUGO1hs%3D,416,418,22,94,32
老人冒着中毒的风险，也要将这门古法技艺传承下去#非遗传承 #巴豆霜 #炮制 #传统手艺 #纪录片解说 ,https://www.douyin.com/video/7321284000893455652,https://p9-pc-sign.douyinpic.com/tos-cn-i-pk90l89vgd/dde8899eee854d41b2623a4d77c1ce57~tplv-dy-cropcenter:323:430.jpeg?biz_tag=pcweb_cover&from=3213915784&s=PackSourceEnum_PUBLISH&sc=cover&se=true&sh=323_430&x-expires=2032959600&x-signature=mPHJs4XNNTvrq0zGzCULEzmCwk0%3D,955,956,35,186,39
老人不顾儿子反对，忍着重病也要为徒弟展示这项即将失传的古老技艺 #非遗传承 #荷叶炭 #本草  #纪录片解说,https://www.douyin.com/video/7320926354642423090,https://p3-pc-sign.douyinpic.com/tos-cn-i-pk90l89vgd/ebf788c8df4442faaf74bc6590e9fe3a~tplv-dy-cropcenter:323:430.jpeg?biz_tag=pcweb_cover&from=3213915784&s=PackSourceEnum_PUBLISH&sc=cover&se=true&sh=323_430&x-expires=2032959600&x-signature=%2B3o%2Beqe34USI%2BaoWD8SJk5mXWGc%3D,9445,9443,361,1440,496
老人狠心剥下树皮，只为将陪伴了自己80年的肉桂树留在身边 #非遗传承 #肉桂 #本草 #传统文化 #纪录片解说,https://www.douyin.com/video/7320566733121621267,https://p3-pc-sign.douyinpic.com/tos-cn-i-pk90l89vgd/8ce90aab798147a38cd42b6329de979a~tplv-dy-cropcenter:323:430.jpeg?biz_tag=pcweb_cover&from=3213915784&s=PackSourceEnum_PUBLISH&sc=cover&se=true&sh=323_430&x-expires=2032959600&x-signature=sGKDxPFuTMVVLgkclp1ADcGm5GI%3D,881,883,25,163,23
男人冒着中毒的风险，在制作一道极为少见的人间美味！#非遗传承 #榼藤子 #制作过程 #传统手艺 #涨知识 ,https://www.douyin.com/video/7315739505925934377,https://p9-pc-sign.douyinpic.com/tos-cn-i-pk90l89vgd/6ac78d4dc7c64dca91a93bc9a9d21601~tplv-dy-cropcenter:323:430.jpeg?biz_tag=pcweb_cover&from=3213915784&s=PackSourceEnum_PUBLISH&sc=cover&se=true&sh=323_430&x-expires=2032959600&x-signature=PFk0%2Fb4sA8mikiClWRBtQNkQu4I%3D,566,568,24,113,21
老人冒着受伤的风险，只为完成一项即将失传的“骨木绝技”#非遗传承 #骨木镶嵌 #手艺人 #纪录片充电计划 ,https://www.douyin.com/video/7301998457030479115,https://p9-pc-sign.douyinpic.com/tos-cn-i-pk90l89vgd/6f504f86236949c89e9f690862905634~tplv-dy-cropcenter:323:430.jpeg?biz_tag=pcweb_cover&from=3213915784&s=PackSourceEnum_PUBLISH&sc=cover&se=true&sh=323_430&x-expires=2032959600&x-signature=0XqSOCAdEj%2F%2BML5oDaiAwQtic%2FQ%3D,845,846,41,120,25
它是冠绝古今的中国奇迹，也是铸造史上的巅峰之作！#非遗传承 #永乐大钟 #传统文化 #纪录片解说 #涨知识 ,https://www.douyin.com/video/7300558699356048651,https://p3-pc-sign.douyinpic.com/tos-cn-i-pk90l89vgd/96f0a0901cee46bb9cde50109dcedb0e~tplv-dy-cropcenter:323:430.jpeg?biz_tag=pcweb_cover&from=3213915784&s=PackSourceEnum_PUBLISH&sc=cover&se=true&sh=323_430&x-expires=2032959600&x-signature=fywAyJoD3sFWEH1Vixd1t3iXfLY%3D,8802,8801,421,635,336
这么巨大的“八盖木锁”相信很多人都是第一次看见#非遗传承 #八盖木锁 #手艺人 #匠人匠心 #纪录片充电计划 ,https://www.douyin.com/video/7299801345266126117,https://p3-pc-sign.douyinpic.com/tos-cn-i-pk90l89vgd/64ed2715af6748449b0b45fc566455c0~tplv-dy-cropcenter:323:430.jpeg?biz_tag=pcweb_cover&from=3213915784&s=PackSourceEnum_PUBLISH&sc=cover&se=true&sh=323_430&x-expires=2032959600&x-signature=gHt9XhyEyi1Pe3TPrpoBZaFZxW4%3D,582,583,14,87,32
老人七天七夜不睡觉，只为炮制出传说中的“龙血竭” #非遗传承 #龙血竭 #传统手艺 #纪录片解说 ,https://www.douyin.com/video/7298318067535236406,https://p9-pc-sign.douyinpic.com/tos-cn-i-pk90l89vgd/c176b6a7902e404c9b9e4a5b8fed7bee~tplv-dy-cropcenter:323:430.jpeg?biz_tag=pcweb_cover&from=3213915784&s=PackSourceEnum_PUBLISH&sc=cover&se=true&sh=323_430&x-expires=2032959600&x-signature=ZjWuJFpK3uCYXs4ugximOOVwlps%3D,560,562,25,108,24
韩国客商想把“中国弥勒佛”刻成韩国人的样子，雕刻师直接不干了 #传统手艺 #佛像雕刻  #纪录片充电计划 ,https://www.douyin.com/video/7297568562628152627,https://p3-pc-sign.douyinpic.com/tos-cn-i-pk90l89vgd/c6c7e11ae20449b4910917d4d5c61d2e~tplv-dy-cropcenter:323:430.jpeg?biz_tag=pcweb_cover&from=3213915784&s=PackSourceEnum_PUBLISH&sc=cover&se=true&sh=323_430&x-expires=2032959600&x-signature=IcrVAG2rvEB3L07vXPLq9ryUMSk%3D,1445,1446,145,201,73
原来“竹筒水”还有如此妙用，那么你喝过吗？#传统手艺 #竹筒水 #哈尼族 #滇南本草 #纪录片充电计划 ,https://www.douyin.com/video/7297050720950308132,https://p3-pc-sign.douyinpic.com/tos-cn-i-pk90l89vgd/5a70302b6d8d42408c4389bb1cfa2e21~tplv-dy-cropcenter:323:430.jpeg?biz_tag=pcweb_cover&from=3213915784&s=PackSourceEnum_PUBLISH&sc=cover&se=true&sh=323_430&x-expires=2032959600&x-signature=82RasYjFd74snZBLj7qYWKze0Qk%3D,447,448,20,84,16
中国传承了上千年的鱼竿技艺，小日子不但偷学，居然还想申遗#传统手艺 #竹鱼竿 #手艺人 #纪录片充电计划 ,https://www.douyin.com/video/7296483162358582540,https://p3-pc-sign.douyinpic.com/tos-cn-i-pk90l89vgd/1c5fa89118e34bed9b15573d8a65efe8~tplv-dy-cropcenter:323:430.jpeg?biz_tag=pcweb_cover&from=3213915784&s=PackSourceEnum_PUBLISH&sc=cover&se=true&sh=323_430&x-expires=2032959600&x-signature=xbTy7Q35nBwj2D3ZRY1IajivMk0%3D,927,931,27,197,38
用剧毒的“狼毒草”造纸你见过吗？#非遗传承 #尼木藏纸 #传统手艺 #纪录片充电计划 ,https://www.douyin.com/video/7295727882721119498,https://p3-pc-sign.douyinpic.com/tos-cn-i-pk90l89vgd/d11bc04c388f4f5780189a1519ac9511~tplv-dy-cropcenter:323:430.jpeg?biz_tag=pcweb_cover&from=3213915784&s=PackSourceEnum_PUBLISH&sc=cover&se=true&sh=323_430&x-expires=2032959600&x-signature=EWccTu4K5WtzFcWBi4RS%2FPMK7NM%3D,1.8万,1.8万,451,2611,868
残破不堪的古画经过“纸上走火”就能重新变回价值连城！#非遗技艺 #古画修复 #匠人精神 #纪录片充电计划 ,https://www.douyin.com/video/7294625246152379659,https://p3-pc-sign.douyinpic.com/tos-cn-i-pk90l89vgd/06d2e3cc85834b158af5f8e23604f7f2~tplv-dy-cropcenter:323:430.jpeg?biz_tag=pcweb_cover&from=3213915784&s=PackSourceEnum_PUBLISH&sc=cover&se=true&sh=323_430&x-expires=2032959600&x-signature=b85Z2tp6lgMGy9a9%2Fn6RNA9qYo0%3D,6.0万,6.0万,583,2845,2303
这么独特美味的炸鸡，难道你不艾特你的那谁一起吃吗？#贫民窟 #炸鸡 #鸡骨架怎么做 #纪录片解说 #开眼界了 ,https://www.douyin.com/video/7293881273657855258,https://p3-pc-sign.douyinpic.com/tos-cn-i-pk90l89vgd/4a8b078c079c4564afac70c9c0cc0e68~tplv-dy-cropcenter:323:430.jpeg?biz_tag=pcweb_cover&from=3213915784&s=PackSourceEnum_PUBLISH&sc=cover&se=true&sh=323_430&x-expires=2032959600&x-signature=PuB7VzUZVqj3LtCpygIsXdWRNXw%3D,8568,8568,3699,919,2.2万
揭秘传承了上千年的“夏布”制作技艺，你穿过夏布织的衣服吗？#非遗传承 #夏布 #传统手艺 #纪录片解说 ,https://www.douyin.com/video/7292358758083153179,https://p3-pc-sign.douyinpic.com/tos-cn-i-pk90l89vgd/086eed2de8ac4825bbb1d6c00a3cb414~tplv-dy-cropcenter:323:430.jpeg?biz_tag=pcweb_cover&from=3213915784&s=PackSourceEnum_PUBLISH&sc=cover&se=true&sh=323_430&x-expires=2032959600&x-signature=djZZ7qGHIFD9WRAK14DpxJSn80s%3D,2050,2048,63,406,138
将“豆腐”与“草木灰”混合，就能成就一道你闻所未闻的非遗美食#灰豆腐 #非遗美食 #传统手艺 #纪录片充电计划,https://www.douyin.com/video/7291638680261856562,https://p3-pc-sign.douyinpic.com/tos-cn-i-pk90l89vgd/dd2f81bac5e343a9b454172070162998~tplv-dy-cropcenter:323:430.jpeg?biz_tag=pcweb_cover&from=3213915784&s=PackSourceEnum_PUBLISH&sc=cover&se=true&sh=323_430&x-expires=2032959600&x-signature=hzlm5g7AXSGWLkHUQIVUnyraTP0%3D,455,455,15,143,39
原来报废的轮胎是这样翻新出来的，那么你会分辨吗？#翻新轮胎 #轮胎修复 #制作过程 #纪录片解说 #涨知识 ,https://www.douyin.com/video/7291227992666295588,https://p3-pc-sign.douyinpic.com/tos-cn-i-pk90l89vgd/69d643c521fa41b8a73f4ecf689ca964~tplv-dy-cropcenter:323:430.jpeg?biz_tag=pcweb_cover&from=3213915784&s=PackSourceEnum_PUBLISH&sc=cover&se=true&sh=323_430&x-expires=2032959600&x-signature=RYaGvJkF88clPiROcnZmpgB04Mk%3D,2.6万,2.6万,2694,2607,6523
用“板蓝根”染衣服你见过吗？#非遗传承 #靛蓝染 #板蓝根  #传统手艺 #纪录片解说,https://www.douyin.com/video/7290549657841831228,https://p3-pc-sign.douyinpic.com/tos-cn-i-dy/d29e233d2969436b90f22db86a24632c~tplv-dy-cropcenter:323:430.jpeg?biz_tag=pcweb_cover&from=3213915784&s=PackSourceEnum_PUBLISH&sc=cover&se=true&sh=323_430&x-expires=2032959600&x-signature=dLVCIQuCjA3zY0xTvx%2BjDBfGTIo%3D,1.2万,1.2万,1333,2735,3986
它是中国陶瓷史上的“巅峰之作”也是皇室贵族争相收藏的绝世孤品#非遗传承 #汝瓷 #五大名窑之首 #传统文化 ,https://www.douyin.com/video/7289809336975543609,https://p3-pc-sign.douyinpic.com/tos-cn-i-pk90l89vgd/97e22b8d3c1e4cb69ba0e3df15b4b18c~tplv-dy-cropcenter:323:430.jpeg?biz_tag=pcweb_cover&from=3213915784&s=PackSourceEnum_PUBLISH&sc=cover&se=true&sh=323_430&x-expires=2032959600&x-signature=R3xGSuYc2XidSBW1bIWMshlnjqc%3D,677,678,18,161,69
70岁老人拖着年迈身体为3岁孙女制作“嫁衣”#非遗传承 #苗族服饰 #火麻 #传统手艺 #纪录片解说 ,https://www.douyin.com/video/7289422196131302715,https://p3-pc-sign.douyinpic.com/tos-cn-i-pk90l89vgd/7c772c8fe3ab45f6ab731d143a6dc528~tplv-dy-cropcenter:323:430.jpeg?biz_tag=pcweb_cover&from=3213915784&s=PackSourceEnum_PUBLISH&sc=cover&se=true&sh=323_430&x-expires=2032959600&x-signature=nROpTDXRrmXnDyIBbScYd%2Bnh48A%3D,1.4万,1.4万,293,2173,628
揭秘消失了一千多年刀枪不入的“藤甲”为何突然出现#非遗传承 #藤甲 #揭秘 #藤甲兵 #纪录片解说 ,https://www.douyin.com/video/7289025532417592637,https://p3-pc-sign.douyinpic.com/tos-cn-i-pk90l89vgd/44905f982a374c55a2274838b3cb3f68~tplv-dy-cropcenter:323:430.jpeg?biz_tag=pcweb_cover&from=3213915784&s=PackSourceEnum_PUBLISH&sc=cover&se=true&sh=323_430&x-expires=2032959600&x-signature=ApyvA8uessXa7MClEvy9B5e%2BdXs%3D,3.1万,3.1万,937,6572,1246
这是中国唯一一个哭进非遗的神秘部落！哭得不好还会被人耻笑#非遗文化 #哭嫁 #土家族 #纪录片解说 ,https://www.douyin.com/video/7288286206725606693,https://p3-pc-sign.douyinpic.com/tos-cn-i-0004/oYpyBlWAhAQf5AMAaQdEkZWAIiq4zAALAtGITB~tplv-dy-cropcenter:323:430.jpeg?biz_tag=pcweb_cover&from=3213915784&s=PackSourceEnum_PUBLISH&sc=cover&se=true&sh=323_430&x-expires=2032959600&x-signature=pDNL8cW445AaBtdKjSTPhm3Z0Rc%3D,5.5万,5.5万,4748,3649,9382
揭秘冰壶的制作过程，为何一个破石头却能售价上万？#冰壶 #制作过程 #涨知识 #工厂实拍视频 ,https://www.douyin.com/video/7281974509710609727,https://p3-pc-sign.douyinpic.com/tos-cn-i-0004/owIhztB6AhLBIHx3mAyQfBTOEcI2AAr3AAVA3W~tplv-dy-cropcenter:323:430.jpeg?biz_tag=pcweb_cover&from=3213915784&s=PackSourceEnum_PUBLISH&sc=cover&se=true&sh=323_430&x-expires=2032959600&x-signature=cTEEnzOmF7c8yMbssh%2BdVUbuBbo%3D,410,410,6,106,29
原来古人的“黑科技”这么厉害，球中烛火无论如何转动都不熄灭#非遗传承 #滚灯 #传统手艺 #高手在民间,https://www.douyin.com/video/7281244704249761080,https://p9-pc-sign.douyinpic.com/tos-cn-i-dy/da86718f970a4a1b9fd9074af293cab7~tplv-dy-cropcenter:323:430.jpeg?biz_tag=pcweb_cover&from=3213915784&s=PackSourceEnum_PUBLISH&sc=cover&se=true&sh=323_430&x-expires=2032959600&x-signature=wOzPN3MtPXfzQN9qA5jG6KHnEy4%3D,367,368,19,127,34
原来价比黄金的“湖笔”，竟然是用“山羊腋毛”做出来的#非遗传承 #湖笔 #文法四宝 #传统手艺 ,https://www.douyin.com/video/7280514520089398547,https://p9-pc-sign.douyinpic.com/tos-cn-i-0004/oEMyBJ8AhiEf4AlACQLEhduAIolPzAAGANSIoB~tplv-dy-cropcenter:323:430.jpeg?biz_tag=pcweb_cover&from=3213915784&s=PackSourceEnum_PUBLISH&sc=cover&se=true&sh=323_430&x-expires=2032959600&x-signature=a0vuv2%2BfrM1%2FauQH3yoOI5G9Vb8%3D,420,421,18,107,39
老人用尽一生编织了三张凉席，然而到头来却一张都卖不出去#非遗传承 #传统手艺 #编织 #涨知识 ,https://www.douyin.com/video/7280335762124557605,https://p3-pc-sign.douyinpic.com/tos-cn-i-0004/oECUAv5CS8AAuANAIlDnfJbGQAeMg5CqACRPCR~tplv-dy-cropcenter:323:430.jpeg?biz_tag=pcweb_cover&from=3213915784&s=PackSourceEnum_PUBLISH&sc=cover&se=true&sh=323_430&x-expires=2032959600&x-signature=66IjiZcFwZ%2BCClREdnaRvGWYLkE%3D,622,627,11,138,22
用牛奶做扇子这件看似不可能的事，却在云南大理流传了八百多年#非遗传承 #传统手艺 #乳扇 #纪录片解说 ,https://www.douyin.com/video/7279381387302440248,https://p3-pc-sign.douyinpic.com/tos-cn-i-0004/oUEAFyCAFBsAAQIyHjIAAfhAcjzqzgAYvN5rlB~tplv-dy-cropcenter:323:430.jpeg?biz_tag=pcweb_cover&from=3213915784&s=PackSourceEnum_PUBLISH&sc=cover&se=true&sh=323_430&x-expires=2032959600&x-signature=FMCgZxnTmPL9Zt9HsmmXp5L1cyY%3D,507,509,34,152,47
它被誉为泥巴界的“软黄金”，也是古代盖章皇帝乾隆的上班首选#非遗传承 #龙泉印泥 #传统手艺 #涨知识 ,https://www.douyin.com/video/7278271151292386614,https://p3-pc-sign.douyinpic.com/tos-cn-i-0004/ogRCy8A1AYtbAfAeKlWxAmCB4AEAIAACnZnYDg~tplv-dy-cropcenter:323:430.jpeg?biz_tag=pcweb_cover&from=3213915784&s=PackSourceEnum_PUBLISH&sc=cover&se=true&sh=323_430&x-expires=2032959600&x-signature=8D36%2FZTpPTTMjmUnVkB2V7NdDig%3D,574,576,14,204,68
这是一门即将消失的老手艺“剃头匠”那么你在这里理过发吗？#剃头匠 #理发 #老手艺 #传统手艺 ,https://www.douyin.com/video/7277903994419203365,https://p3-pc-sign.douyinpic.com/tos-cn-i-0004/o4mCSzghIAB1QFAACATh1EcAuEAIQAfpyABtct~tplv-dy-cropcenter:323:430.jpeg?biz_tag=pcweb_cover&from=3213915784&s=PackSourceEnum_PUBLISH&sc=cover&se=true&sh=323_430&x-expires=2032959600&x-signature=LCVtCEouzWuaCH0qRxXjSesRNzY%3D,585,586,36,119,71
“青神竹编”到底有多牛？一根不起眼的竹丝却能被玩出上亿天价#青神竹编 #非遗传承 #传统手艺 #高手在民间 ,https://www.douyin.com/video/7277203127953067275,https://p3-pc-sign.douyinpic.com/tos-cn-i-0004/oIEA9kZAiCuABgRaJ0IADfhAh0zLzfAWntXSKC~tplv-dy-cropcenter:323:430.jpeg?biz_tag=pcweb_cover&from=3213915784&s=PackSourceEnum_PUBLISH&sc=cover&se=true&sh=323_430&x-expires=2032959600&x-signature=tY95OFCfSpndn7kZQTz2N3IzWyk%3D,608,629,15,107,69
“古兵器狼筅”为平定百年倭患做出巨大贡献，值得我们铭记！#复原古兵器 #狼筅 #铭记历史 #匠心制作,https://www.douyin.com/video/7276080750267616548,https://p3-pc-sign.douyinpic.com/tos-cn-i-dy/cff865d0a6e84a7c8a012e6c896cbbba~tplv-dy-cropcenter:323:430.jpeg?biz_tag=pcweb_cover&from=3213915784&s=PackSourceEnum_PUBLISH&sc=cover&se=true&sh=323_430&x-expires=2032959600&x-signature=2rsCph2NP%2FuPT4WDns5It%2F%2FAeHs%3D,859,861,22,137,23
看一眼就少一眼的老手艺“古法茶油压榨”#非遗传承 #传统手艺 #老手艺 #榨油 #开眼界了,https://www.douyin.com/video/7275712541525871913,https://p3-pc-sign.douyinpic.com/tos-cn-i-dy/53a55037b1bb48339cc4cf2899a89350~tplv-dy-cropcenter:323:430.jpeg?biz_tag=pcweb_cover&from=3213915784&s=PackSourceEnum_PUBLISH&sc=cover&se=true&sh=323_430&x-expires=2032959600&x-signature=iICqTMYZ4nYedsfyl6ucYLL3tzA%3D,2694,2694,65,472,220
"原来剧毒无比的水银在童子尿的作用下,居然可以变成食物#非遗传承 #佐太 #传统手艺 #纪录片解说 #开眼界了",https://www.douyin.com/video/7275329941242137892,https://p9-pc-sign.douyinpic.com/tos-cn-i-dy/850d2247d4974f34948c1f37272aff70~tplv-dy-cropcenter:323:430.jpeg?biz_tag=pcweb_cover&from=3213915784&s=PackSourceEnum_PUBLISH&sc=cover&se=true&sh=323_430&x-expires=2032959600&x-signature=xq45%2Fzt%2B9RiNCtdMTLr%2FrLZFiGA%3D,2.2万,2.2万,1350,1769,6862
老人烧尽一片沙漠，只为得到一种碧绿的“烧碱”#碱蒿子 #烧碱 #非遗传承 #传统手艺 #涨知识,https://www.douyin.com/video/7274962946181123364,https://p3-pc-sign.douyinpic.com/tos-cn-i-dy/9e0b9adb95f1423b834535c3ecd94947~tplv-dy-cropcenter:323:430.jpeg?biz_tag=pcweb_cover&from=3213915784&s=PackSourceEnum_PUBLISH&sc=cover&se=true&sh=323_430&x-expires=2032959600&x-signature=vw6ZBoLbFfHqVzh1goM%2Fpebwfac%3D,426,426,12,105,28
看一眼就少一眼的老手艺“编棕衣”你见过吗？#棕衣 #老手艺 #传统手艺 #开眼界了,https://www.douyin.com/video/7274574106886982966,https://p3-pc-sign.douyinpic.com/tos-cn-i-dy/e3ad9005aa35442093fe531b6f46ca81~tplv-dy-cropcenter:323:430.jpeg?biz_tag=pcweb_cover&from=3213915784&s=PackSourceEnum_PUBLISH&sc=cover&se=true&sh=323_430&x-expires=2032959600&x-signature=XKotVmF36MfeME7xjKEZb3qRiF8%3D,4.1万,4.1万,1638,4568,1894
原来“米花糖”才是小时候的甜蜜记忆，一口下去脆香四溢回味无穷#米花糖 #小吃 #童年味道 #传统手艺,https://www.douyin.com/video/7274193512059407679,https://p3-pc-sign.douyinpic.com/tos-cn-i-dy/2b0fa11d49274cf19281b9886fb8b54c~tplv-dy-cropcenter:323:430.jpeg?biz_tag=pcweb_cover&from=3213915784&s=PackSourceEnum_PUBLISH&sc=cover&se=true&sh=323_430&x-expires=2032959600&x-signature=y2qUrH4fWIXiggZKOwXdjN8H8O0%3D,271,272,21,59,32
看一眼就少一眼的老手艺“倒铝锅” 你见过吗？#倒铝锅 #老手艺 #传统手艺 #开眼界了,https://www.douyin.com/video/7273811311065107724,https://p3-pc-sign.douyinpic.com/tos-cn-i-dy/1b648ea8d6914988987c2d94f381adfc~tplv-dy-cropcenter:323:430.jpeg?biz_tag=pcweb_cover&from=3213915784&s=PackSourceEnum_PUBLISH&sc=cover&se=true&sh=323_430&x-expires=2032959600&x-signature=UMmjmxmwl1zGUmRJBVaArjoAIyk%3D,3.1万,3.1万,3666,3869,2830
原来这就是称为菌中贵族的“竹荪”，那么你吃过吗？#竹荪 #蘑菇 #纪录片解说 #涨知识,https://www.douyin.com/video/7273447891325226279,https://p3-pc-sign.douyinpic.com/tos-cn-i-dy/1240f168671048ba93d4b546e62c6961~tplv-dy-cropcenter:323:430.jpeg?biz_tag=pcweb_cover&from=3213915784&s=PackSourceEnum_PUBLISH&sc=cover&se=true&sh=323_430&x-expires=2032959600&x-signature=J2nXYKM6Jwbe5eAOOFJV0rxmc8s%3D,591,592,51,144,108
将蚕宝放在扇骨上就能做出一把扇子，你见过吗？#油扇 #蚕丝扇 #传统手艺 #手艺人 #涨知识,https://www.douyin.com/video/7273093672466517259,https://p3-pc-sign.douyinpic.com/tos-cn-i-dy/635ca36707f74f52bc95ea5639e0c890~tplv-dy-cropcenter:323:430.jpeg?biz_tag=pcweb_cover&from=3213915784&s=PackSourceEnum_PUBLISH&sc=cover&se=true&sh=323_430&x-expires=2032959600&x-signature=LP4KQKme5gEsD9YoDySKlKGEASc%3D,462,464,13,99,31
小哥花费半年青春养蚕不是为了做蚕丝被，而是收集蚕宝的巴巴#非遗传承 #蚕沙枕头 #传统手艺 #涨知识 ,https://www.douyin.com/video/7272324376886889764,https://p3-pc-sign.douyinpic.com/tos-cn-i-0004/oIie3JPaI5AhQXE2UAHEAfAABfPQ2j8YJECHAb~tplv-dy-cropcenter:323:430.jpeg?biz_tag=pcweb_cover&from=3213915784&s=PackSourceEnum_PUBLISH&sc=cover&se=true&sh=323_430&x-expires=2032959600&x-signature=bGyOE%2FwD%2BqXB9fnjgMCg3F%2BRmT8%3D,1580,1597,49,614,334
揭秘科技与狠活的“3D打印牛肉”是如何生产，如果普及你敢尝试吗？#牛肉 #科技与狠活 #制作过程 #涨知识 ,https://www.douyin.com/video/7270828342079704380,https://p3-pc-sign.douyinpic.com/tos-cn-i-0004/oMLk5AzdEAChADE1NAAgI6Af6ynfVJXu7tlRCK~tplv-dy-cropcenter:323:430.jpeg?biz_tag=pcweb_cover&from=3213915784&s=PackSourceEnum_PUBLISH&sc=cover&se=true&sh=323_430&x-expires=2032959600&x-signature=HyaxTrQrK1DsPq%2BiwAdvNkA%2BODk%3D,661,662,49,187,119
这是看一眼就少一眼的老手艺“土法蔗糖”也是很多孩子的童年回忆！#蔗糖 #传统手艺 #老手艺 #纪录片解说 ,https://www.douyin.com/video/7267497148558773564,https://p3-pc-sign.douyinpic.com/tos-cn-i-0004/oEEbIAAAIVVbArzyEfDENadhisJAVhAQBAaiBa~tplv-dy-cropcenter:323:430.jpeg?biz_tag=pcweb_cover&from=3213915784&s=PackSourceEnum_PUBLISH&sc=cover&se=true&sh=323_430&x-expires=2032959600&x-signature=E7h2he8lAo4SvgyRTFHnTzKPJmU%3D,1154,1155,50,266,65
这就是属于中国人的乐高，不但制作过程繁琐，还蕴藏着古人智慧#古建筑之美 #榫卯结构 #斗拱 #玩具 #手艺人 ,https://www.douyin.com/video/7266365523301043514,https://p3-pc-sign.douyinpic.com/tos-cn-i-0004/oUT0kAIJ7AnegKAnEcDACtIXmCeuR1ZDvAP8bA~tplv-dy-cropcenter:323:430.jpeg?biz_tag=pcweb_cover&from=3213915784&s=PackSourceEnum_PUBLISH&sc=cover&se=true&sh=323_430&x-expires=2032959600&x-signature=78QzGJi6N3xuvFQ%2B9k5z219PBV8%3D,1294,1310,53,402,143
盲人木匠老父亲为了养活一家四口，每天都要坚持制作板凳#盲人 #木匠 #传统手艺 #父亲 #感人 #身残志坚 ,https://www.douyin.com/video/7266002036729154875,https://p3-pc-sign.douyinpic.com/tos-cn-i-0004/oUkACOWe5C3EgA8REAOIwXkAA1AZgObDHVBnDf~tplv-dy-cropcenter:323:430.jpeg?biz_tag=pcweb_cover&from=3213915784&s=PackSourceEnum_PUBLISH&sc=cover&se=true&sh=323_430&x-expires=2032959600&x-signature=oYXlSUOAhsoL%2FcJyO1xKFS6YaFk%3D,1.3万,1.3万,500,1168,893
因为太耐用，导致自己濒临失传，恐怕也只有“中国国漆”才能做到吧#生漆 #非遗传承 #匠心制作 #手艺人 ,https://www.douyin.com/video/7264933856325733695,https://p3-pc-sign.douyinpic.com/tos-cn-i-0004/oYDRNDISHD68ANn4CgbeebACApE0lARUAj0kOA~tplv-dy-cropcenter:323:430.jpeg?biz_tag=pcweb_cover&from=3213915784&s=PackSourceEnum_PUBLISH&sc=cover&se=true&sh=323_430&x-expires=2032959600&x-signature=LdqjgFDhO1R9lBs%2BHC54gBgubIg%3D,880,880,61,184,50
用蜘蛛网做衣服，这么离奇的一件事你见过吗？#蛛丝衣服 #传统手艺 #匠心制作 #非遗传承 #纪录片解说 ,https://www.douyin.com/video/7263782956295064869,https://p3-pc-sign.douyinpic.com/tos-cn-i-0004/oEyZDDBIIAxPBr4AEQAOjAADAIfyEBtWEQlzGh~tplv-dy-cropcenter:323:430.jpeg?biz_tag=pcweb_cover&from=3213915784&s=PackSourceEnum_PUBLISH&sc=cover&se=true&sh=323_430&x-expires=2032959600&x-signature=2LG95W4iIM22aL1Plz9qlXdPk7I%3D,1756,1756,102,291,279
为了吃上一口盐，这群山羊就在几乎垂直的悬崖之上表演绝地求生#岩羊 #攀岩 #动物的迷惑行为 #开眼界了 ,https://www.douyin.com/video/7262298060338908474,https://p3-pc-sign.douyinpic.com/tos-cn-i-0004/ocbiAoKDNkanEgDL3fberAsnCBAIyIRIyVCAAA~tplv-dy-cropcenter:323:430.jpeg?biz_tag=pcweb_cover&from=3213915784&s=PackSourceEnum_PUBLISH&sc=cover&se=true&sh=323_430&x-expires=2032959600&x-signature=JjqrQj01azryfyuOZoXVVhKBFxQ%3D,11.8万,11.8万,2962,2.2万,8442
这些大国重器的生产离不开他们，致敬了不起的大国工匠！#蛟龙号 #大国工匠 #匠心制作 #纪录片解说 #涨知识 ,https://www.douyin.com/video/7261566844660665619,https://p3-pc-sign.douyinpic.com/tos-cn-i-0004/o0DhFQH9EhHABPYBLGmztAZIHsAfAAyQATqyIv~tplv-dy-cropcenter:323:430.jpeg?biz_tag=pcweb_cover&from=3213915784&s=PackSourceEnum_PUBLISH&sc=cover&se=true&sh=323_430&x-expires=2032959600&x-signature=Zv21CSTAqbkStAfi2RouXumfdUQ%3D,639,639,28,97,35
徒手油锅捞虾片、下火海等一系列“麻山绝技”你见过吗？#麻山绝技 #红苗族 #非遗传承 #涨知识 #开眼界了 ,https://www.douyin.com/video/7261204013318753573,https://p3-pc-sign.douyinpic.com/tos-cn-i-0004/okNJYagQDBnAxCFePtCiGkepQAiARAAAICkabo~tplv-dy-cropcenter:323:430.jpeg?biz_tag=pcweb_cover&from=3213915784&s=PackSourceEnum_PUBLISH&sc=cover&se=true&sh=323_430&x-expires=2032959600&x-signature=vroXD33pX%2Bs26RHMD%2BjYFq70Ywc%3D,931,931,36,250,66
原来最早的“取暖神器”长成这样，那么你用过吗？#火笼 #取暖神器 #非遗传承 #传统技艺 #涨知识 ,https://www.douyin.com/video/7260807042598800696,https://p3-pc-sign.douyinpic.com/tos-cn-i-0004/o0IHQAAARIdwAmnk4eGeb62B0CMA8DAgCd5XCx~tplv-dy-cropcenter:323:430.jpeg?biz_tag=pcweb_cover&from=3213915784&s=PackSourceEnum_PUBLISH&sc=cover&se=true&sh=323_430&x-expires=2032959600&x-signature=a7wpzgzvHu10c36eGRQxSaLhPqU%3D,1465,1466,89,262,100
没人要的牛大骨居然能做成天价麻将，还受到老外争相收藏#竹骨麻将 #传统技艺 #匠心制作 #涨知识 #开眼界了,https://www.douyin.com/video/7260449159541493007,https://p3-pc-sign.douyinpic.com/tos-cn-i-dy/ecc3b71cf6f9453893e742a80d7eb9db~tplv-dy-cropcenter:323:430.jpeg?biz_tag=pcweb_cover&from=3213915784&s=PackSourceEnum_PUBLISH&sc=cover&se=true&sh=323_430&x-expires=2032959600&x-signature=g4Q9Dk9Nh37YRn8F9Qe2JSmNo8I%3D,4937,4939,133,2176,328
古人为了上班摸鱼，居然发明了这个不用人力驱动的永动机#水碓 #非遗传承 #传统技艺 #涨知识 #开眼界了,https://www.douyin.com/video/7260349782122679604,https://p3-pc-sign.douyinpic.com/tos-cn-i-dy/e2e50b3309b147b88bec9389239362b1~tplv-dy-cropcenter:323:430.jpeg?biz_tag=pcweb_cover&from=3213915784&s=PackSourceEnum_PUBLISH&sc=cover&se=true&sh=323_430&x-expires=2032959600&x-signature=GG36gLVDBSyFgatMXTsDMwCAyfY%3D,1518,1518,27,335,120
它被称为世上“最轻”的药，还受到“五代人”顶礼膜拜#药香 #非遗传承 #纪录片解说 #涨知识 #开眼界了,https://www.douyin.com/video/7260088748690410752,https://p3-pc-sign.douyinpic.com/tos-cn-i-dy/69d6ebfcae7a4de39b76cd9abdb9dca7~tplv-dy-cropcenter:323:430.jpeg?biz_tag=pcweb_cover&from=3213915784&s=PackSourceEnum_PUBLISH&sc=cover&se=true&sh=323_430&x-expires=2032959600&x-signature=06XXtTnKwtkT8TfnjHJ2NUODivg%3D,999,1000,29,241,52
你敢相信？用来写字的墨不但能吃，还能拿来治病#药墨 #非遗传承 #纪录片解说 #涨知识 #开眼界了,https://www.douyin.com/video/7259952211709414691,https://p3-pc-sign.douyinpic.com/tos-cn-i-dy/a20f91498eba48d1a6dfdcb16c6b80a6~tplv-dy-cropcenter:323:430.jpeg?biz_tag=pcweb_cover&from=3213915784&s=PackSourceEnum_PUBLISH&sc=cover&se=true&sh=323_430&x-expires=2032959600&x-signature=aPxhF3MUbhJb%2B6QM8AGV4AbbC1Y%3D,9.3万,9.3万,2274,7859,3850
原来传说中的“九死还魂草”真的存在，而要得到真是九死一生#九死还魂草 #卷柏 #非遗传承 #纪录片解说 #涨知识,https://www.douyin.com/video/7259695952343141695,https://p3-pc-sign.douyinpic.com/tos-cn-i-dy/f20723ac97314a7dbb6a0ce3099ea0d8~tplv-dy-cropcenter:323:430.jpeg?biz_tag=pcweb_cover&from=3213915784&s=PackSourceEnum_PUBLISH&sc=cover&se=true&sh=323_430&x-expires=2032959600&x-signature=RowEsO%2F5B6o9v%2Fz%2Bjz3Iy75mh8E%3D,4086,4121,386,766,354
老人用尽全身力气，只为摘下生前最后一粒果实#木蝴蝶#老人  #非遗传承 #纪录片解说 #涨知识,https://www.douyin.com/video/7259322974505913663,https://p3-pc-sign.douyinpic.com/tos-cn-i-dy/aaa29ec76ea04e9b8aa9e71f18c84b87~tplv-dy-cropcenter:323:430.jpeg?biz_tag=pcweb_cover&from=3213915784&s=PackSourceEnum_PUBLISH&sc=cover&se=true&sh=323_430&x-expires=2032959600&x-signature=Ot%2BpRjvLaa7n5qyk97CPIuRmbsQ%3D,2.3万,2.3万,664,2546,1139
原来“皂角”不但可以洗衣服，还是一道珍馐美味#皂角 #皂角米 #非遗传承 #纪录片解说 #涨知识,https://www.douyin.com/video/7259192100510551315,https://p3-pc-sign.douyinpic.com/tos-cn-i-dy/78a2e20d3fe24997a1b2edcd2f25528c~tplv-dy-cropcenter:323:430.jpeg?biz_tag=pcweb_cover&from=3213915784&s=PackSourceEnum_PUBLISH&sc=cover&se=true&sh=323_430&x-expires=2032959600&x-signature=30W4CR4Js3j46C%2BnLV1QdM6i5gQ%3D,1.1万,1.1万,595,979,1119
它被称为行走“绿钻石”曾经还获得日本设计大赛金奖#蔺草 #编织 #传承文化 #手艺人 #涨知识,https://www.douyin.com/video/7258977071911816489,https://p3-pc-sign.douyinpic.com/tos-cn-i-dy/5828d0c2a2314343850aa1159faea075~tplv-dy-cropcenter:323:430.jpeg?biz_tag=pcweb_cover&from=3213915784&s=PackSourceEnum_PUBLISH&sc=cover&se=true&sh=323_430&x-expires=2032959600&x-signature=V%2BM%2FlfJdvzaloc1AkWBWk2jlnW4%3D,393,394,17,73,19
原来这就是传说中的“仙人指路”不管车轮如何转动，仙人始终指向南方#指南车 #仙人指路 #非遗传承 #传统手艺,https://www.douyin.com/video/7258812575519886631,https://p3-pc-sign.douyinpic.com/tos-cn-i-dy/d0c05897891241c3ad45719b73cba207~tplv-dy-cropcenter:323:430.jpeg?biz_tag=pcweb_cover&from=3213915784&s=PackSourceEnum_PUBLISH&sc=cover&se=true&sh=323_430&x-expires=2032959600&x-signature=Fncggl30oXApPHpczVwxan%2Fcw14%3D,1.7万,1.7万,1339,2603,1133
"这是江湖上几乎失传的一声吆喝,也是巴蜀文化的“鲜活档案”#鸣堂技艺 #堂倌 #非遗传承 #传统文化",https://www.douyin.com/video/7258577764855450934,https://p3-pc-sign.douyinpic.com/tos-cn-i-dy/896ee3bf187f4d39bf8bd6991d082155~tplv-dy-cropcenter:323:430.jpeg?biz_tag=pcweb_cover&from=3213915784&s=PackSourceEnum_PUBLISH&sc=cover&se=true&sh=323_430&x-expires=2032959600&x-signature=m4Ggyg%2Byk03CzfP7O5cyk%2FmAdmI%3D,5.9万,5.9万,1225,3982,2467
原来“麦芽糖”真是麦芽做的，香甜的同时也是很多人的童年回忆 #麦芽糖 #美食 #传承 #老手艺 ,https://www.douyin.com/video/7256355158181940517,https://p3-pc-sign.douyinpic.com/tos-cn-i-0004/oINkl9RCAgzstzjhSwfAqEAFA6AVIgCIedACXA~tplv-dy-cropcenter:323:430.jpeg?biz_tag=pcweb_cover&from=3213915784&s=PackSourceEnum_PUBLISH&sc=cover&se=true&sh=323_430&x-expires=2032959600&x-signature=HmHltfVZrdaYrUKUfC8jUFTSz4w%3D,1128,1129,44,405,101
它是世界上最贵的泥巴，与龙泉印泥并称为泥巴界的“卧龙凤雏”#西泠印社 #西泠印泥 #非遗 #传承 ,https://www.douyin.com/video/7255629665023364371,https://p3-pc-sign.douyinpic.com/tos-cn-i-0004/ogtIEAZvyMsdCAax5bBkIwVLQAfNAyAJWdzBAh~tplv-dy-cropcenter:323:430.jpeg?biz_tag=pcweb_cover&from=3213915784&s=PackSourceEnum_PUBLISH&sc=cover&se=true&sh=323_430&x-expires=2032959600&x-signature=Xo75J56qof4Y64yFkttr2PIw%2FSE%3D,3273,3274,174,661,262
现在当和尚门槛都这么高了吗？比进清华北大还要难 #浙江佛学院 #大学生 #搞笑 #这操作都看傻了 ,https://www.douyin.com/video/7254885998230867260,https://p3-pc-sign.douyinpic.com/tos-cn-i-0004/ok2djJAMXFEDADJeBAQAPVebyVRAxeInAWEE4Q~tplv-dy-cropcenter:323:430.jpeg?biz_tag=pcweb_cover&from=3213915784&s=PackSourceEnum_PUBLISH&sc=cover&se=true&sh=323_430&x-expires=2032959600&x-signature=aknDg29qXan6CvF72PkBbCHVdS4%3D,3.4万,3.4万,5868,3614,1.6万
原来“古法天子笑”是这么做的，你学会了吗？ #天子笑 #古法技艺 #传统酿酒工艺 #涨知识 ,https://www.douyin.com/video/7254498990597606712,https://p3-pc-sign.douyinpic.com/tos-cn-i-0004/oMChnJIkEqEAB8VBStIzNAGIMhAfAApQAXcyI9~tplv-dy-cropcenter:323:430.jpeg?biz_tag=pcweb_cover&from=3213915784&s=PackSourceEnum_PUBLISH&sc=cover&se=true&sh=323_430&x-expires=2032959600&x-signature=MTTUk%2BHR4ueUFGeVFR5HL2ZiooQ%3D,702,702,34,246,74
她被誉为“西瓜之母”，倾尽一生实现了中国西瓜自由#西瓜之母 #吴明珠#伟大科学家 #致敬 ,https://www.douyin.com/video/7254128040379239718,https://p3-pc-sign.douyinpic.com/tos-cn-i-0004/o8YXB7gqbAINfbFSAnRkqYCIrDACeAATu9AQmd~tplv-dy-cropcenter:323:430.jpeg?biz_tag=pcweb_cover&from=3213915784&s=PackSourceEnum_PUBLISH&sc=cover&se=true&sh=323_430&x-expires=2032959600&x-signature=YZ1Sgdg80qGJZleYI75XrzxQ1BI%3D,1411,1409,45,230,105
60多岁大爷竹尖穿行、如履平地，堪称现实版“竹林轻功” #竹海飞人 #传承 #非遗 #涨知识 ,https://www.douyin.com/video/7253756819015863610,https://p3-pc-sign.douyinpic.com/tos-cn-i-0004/ocfJJAtyVAp1APNAhA1UCIhBBqqNIoyAA3dQEz~tplv-dy-cropcenter:323:430.jpeg?biz_tag=pcweb_cover&from=3213915784&s=PackSourceEnum_PUBLISH&sc=cover&se=true&sh=323_430&x-expires=2032959600&x-signature=f97939AUUPwcXWskY%2BCWopOCoQI%3D,1.1万,1.1万,507,898,651
这是现实版“修仙学院”学习教奇门遁甲、御剑飞行，还包分配道观 #道教学院 #大学生 #搞笑 #这操作都看傻了 ,https://www.douyin.com/video/7253026284350033212,https://p3-pc-sign.douyinpic.com/tos-cn-i-0004/owAVJIEgCjAfmhf7CARIKpNhAZzrACAIOAJkGn~tplv-dy-cropcenter:323:430.jpeg?biz_tag=pcweb_cover&from=3213915784&s=PackSourceEnum_PUBLISH&sc=cover&se=true&sh=323_430&x-expires=2032959600&x-signature=bpPQ%2BLZo4Vj%2BCxpxAAjRFixvwHI%3D,30.1万,30.1万,4.1万,1.5万,10.8万
它被誉为行走“软黄金”，也是古代皇室贵族出门首选 #丝绸 #养蚕 #传统手艺 #传承 ,https://www.douyin.com/video/7252645345929301308,https://p3-pc-sign.douyinpic.com/tos-cn-i-0004/osCnOA4ADFfAQKegkdCACJpbOJYRCTApNIA10Q~tplv-dy-cropcenter:323:430.jpeg?biz_tag=pcweb_cover&from=3213915784&s=PackSourceEnum_PUBLISH&sc=cover&se=true&sh=323_430&x-expires=2032959600&x-signature=ILMVo4ZJK11BeoWMmXB913zZWyo%3D,10.4万,10.4万,7254,5664,7777
老一辈科学家艰苦的研发之路#凌沛学  #凌博士,https://www.douyin.com/video/7252176434792336679,https://p3-pc-sign.douyinpic.com/tos-cn-i-dy/fe54175a450246d7b5dddf62a877e75c~tplv-dy-cropcenter:323:430.jpeg?biz_tag=pcweb_cover&from=3213915784&s=PackSourceEnum_PUBLISH&sc=cover&se=true&sh=323_430&x-expires=2032959600&x-signature=u3SX5yCxhZ4M3ruL7W%2BrJy8FOfc%3D,1.0万,1.0万,140,554,188
“折纸天才”秦坤到底有多牛？一张纸在他手里竟卖出了21万天价 #折纸 #传统手艺 #正能量 #高手在民间 ,https://www.douyin.com/video/7251904128996117818,https://p3-pc-sign.douyinpic.com/tos-cn-i-0004/oESPTFARbAQefAKrAnjJrEEowDBE8AA6lfAg1p~tplv-dy-cropcenter:323:430.jpeg?biz_tag=pcweb_cover&from=3213915784&s=PackSourceEnum_PUBLISH&sc=cover&se=true&sh=323_430&x-expires=2032959600&x-signature=IQGZlfUj4y8W7jxTjJPKYccIgt8%3D,12.8万,12.8万,2667,1.2万,1.2万
黄金都换不来的泥巴居然是藕丝做的，工序更是让你望而却步 #龙泉印泥 #非遗传承 #传统技艺 #纪录片充电计划 ,https://www.douyin.com/video/7251037115696385317,https://p3-pc-sign.douyinpic.com/tos-cn-i-0004/ogGpAg3hGSEbUA6yAUAII28f5NCFuTABAzSBQn~tplv-dy-cropcenter:323:430.jpeg?biz_tag=pcweb_cover&from=3213915784&s=PackSourceEnum_PUBLISH&sc=cover&se=true&sh=323_430&x-expires=2032959600&x-signature=RQScTrmZGTBKGvKjIdfvDx4j3rA%3D,5325,5325,214,2362,366
不怀孕也能生娃你敢相信吗？而且宝宝各项特征还能套餐定制 #人造子宫 #生育 #宝宝 #涨知识 ,https://www.douyin.com/video/7250436176669117751,https://p3-pc-sign.douyinpic.com/tos-cn-i-0004/oUFkZRkmAAAOARzHgIe8nuCnmbRtzSrDAACEeQ~tplv-dy-cropcenter:323:430.jpeg?biz_tag=pcweb_cover&from=3213915784&s=PackSourceEnum_PUBLISH&sc=cover&se=true&sh=323_430&x-expires=2032959600&x-signature=rBUT2IzXENATQIJKPN%2FVbqonUaA%3D,3.4万,3.4万,3512,8718,4.3万
“水猴子”都不敢徒手抓的鳝鱼，这位80多岁的大爷却能轻松制服一斤一条的巨物#抓土龙 #纪录片解说 #非遗传承 ,https://www.douyin.com/video/7249198173124693281,https://p3-pc-sign.douyinpic.com/tos-cn-i-0004/o4vAcNSaKQgIzdAIAKDhA8BBUATfEAPwywliAC~tplv-dy-cropcenter:323:430.jpeg?biz_tag=pcweb_cover&from=3213915784&s=PackSourceEnum_PUBLISH&sc=cover&se=true&sh=323_430&x-expires=2032959600&x-signature=JQydMxQxeBORqqJ%2F2vGcPy%2BkVvY%3D,6254,6255,137,1031,388
吃一颗糖就能拉出一条虫子？大多数00后没有见过，更没有吃过 #宝塔糖 #蛔虫 #童年记忆小零食 #童年回忆 ,https://www.douyin.com/video/7248808654147800357,https://p3-pc-sign.douyinpic.com/tos-cn-i-0004/osNmnbUQADKCI10tPAkgeCsYEqRNAAexCABAoZ~tplv-dy-cropcenter:323:430.jpeg?biz_tag=pcweb_cover&from=3213915784&s=PackSourceEnum_PUBLISH&sc=cover&se=true&sh=323_430&x-expires=2032959600&x-signature=DiygIztvJwUDjv2qnYFishFkC5Y%3D,1.3万,1.3万,2704,8089,1694
老人只因祖上一句“承诺”放弃月入过万，连续四代为村民摆渡144年 #万家义渡 #摆渡人 #人物故事 #传承 ,https://www.douyin.com/video/7248215771275398456,https://p3-pc-sign.douyinpic.com/tos-cn-i-0004/ogwNDCIlgVTRAEFXkAICACeFAbAWCtb1CfAqnA~tplv-dy-cropcenter:323:430.jpeg?biz_tag=pcweb_cover&from=3213915784&s=PackSourceEnum_PUBLISH&sc=cover&se=true&sh=323_430&x-expires=2032959600&x-signature=4wEoB47oR54OADNjf%2BO6Og2jO9c%3D,5.2万,5.2万,1391,1217,749
这是世界上唯一一种只属于“女性”的文字，男性是不可以学习和传授的#江永女书 #非遗 #传承弘扬中国传统文化 ,https://www.douyin.com/video/7247835545005591868,https://p3-pc-sign.douyinpic.com/tos-cn-i-0004/f537d7c5ee044fafbe123c91e59a2c9e~tplv-dy-cropcenter:323:430.jpeg?biz_tag=pcweb_cover&from=3213915784&s=PackSourceEnum_PUBLISH&sc=cover&se=true&sh=323_430&x-expires=2032959600&x-signature=yK5v8bCQzkE9bik4b4UVhcEyYVs%3D,7260,7263,200,1593,257
它是粽子界的“七彩祥云”，更是中国端午必不可少的传统美食 #端午节民俗大赏 #粽子 #传统节日 #传承文化 ,https://www.douyin.com/video/7247424755672911141,https://p3-pc-sign.douyinpic.com/tos-cn-i-0004/oIklECKCQAAmC4oAI4AojAADARefjCb4HgHnXD~tplv-dy-cropcenter:323:430.jpeg?biz_tag=pcweb_cover&from=3213915784&s=PackSourceEnum_PUBLISH&sc=cover&se=true&sh=323_430&x-expires=2032959600&x-signature=Yo0r0bDefiK%2ByxlJr1Tfkf6nskc%3D,1040,1059,66,474,204
用猪油做糖你吃过吗？看上去荒谬的事却是潮汕地区的特色美味 #猪油糖 #传统手艺 #童年回忆 #特色美食,https://www.douyin.com/video/7246724902802279692,https://p3-pc-sign.douyinpic.com/tos-cn-i-dy/e9cdcb6359f342e1af19d1f67763ba10~tplv-dy-cropcenter:323:430.jpeg?biz_tag=pcweb_cover&from=3213915784&s=PackSourceEnum_PUBLISH&sc=cover&se=true&sh=323_430&x-expires=2032959600&x-signature=X9fEig3qe5Q7iN1qBzC3Wg1Q1JQ%3D,581,582,104,150,63
为什么现在结婚选择中式婚礼的越来越少了？ #龙凤花烛 #中式婚礼 #传统文化 #非遗 ,https://www.douyin.com/video/7246349891419589943,https://p3-pc-sign.douyinpic.com/tos-cn-i-0004/2ce2dc4f584b4ce7a63f42f84a09a22a~tplv-dy-cropcenter:323:430.jpeg?biz_tag=pcweb_cover&from=3213915784&s=PackSourceEnum_PUBLISH&sc=cover&se=true&sh=323_430&x-expires=2032959600&x-signature=gkOHUOLafuyGXCu8mp61CCnkGIA%3D,1.6万,1.6万,654,3042,1417
男子辞掉高薪工作，怒砸两千万，只为挽救《本草纲目》中的救命仙草 #铁皮石斛 #纪录片解说 #传承文化 ,https://www.douyin.com/video/7245987286997830972,https://p3-pc-sign.douyinpic.com/tos-cn-i-0004/455f3c28fe3740fa8a86ac6f1f3be357~tplv-dy-cropcenter:323:430.jpeg?biz_tag=pcweb_cover&from=3213915784&s=PackSourceEnum_PUBLISH&sc=cover&se=true&sh=323_430&x-expires=2032959600&x-signature=%2FCfOO05e8Pp8t6wMlnKpEGILXMI%3D,636,638,14,117,45
原来这才是中国最贵的华丽服饰，也是唯一一个纯银打造服饰的民族 #苗族服饰 #手工 #非遗文化 #涨知识了 ,https://www.douyin.com/video/7245603839565516090,https://p3-pc-sign.douyinpic.com/tos-cn-i-0004/f2ba8485ccdc414b9eaf7109a5ad14ed~tplv-dy-cropcenter:323:430.jpeg?biz_tag=pcweb_cover&from=3213915784&s=PackSourceEnum_PUBLISH&sc=cover&se=true&sh=323_430&x-expires=2032959600&x-signature=Wii%2FqO06Zp4bj6yrTAQmdi2tEzs%3D,5.3万,5.3万,4840,3832,4391
老外想复刻都没有办法的中国绝技，而这就是出自“糖王周毅”之手 #翻糖蛋糕 #非遗 #精益求精 #涨知识了 ,https://www.douyin.com/video/7245255416060398906,https://p3-pc-sign.douyinpic.com/tos-cn-i-0004/0bb1b734805f4651bc4e0304f803916b~tplv-dy-cropcenter:323:430.jpeg?biz_tag=pcweb_cover&from=3213915784&s=PackSourceEnum_PUBLISH&sc=cover&se=true&sh=323_430&x-expires=2032959600&x-signature=c1C6xV%2F0njBqi7Y1lsE10Y%2FcsmE%3D,7.5万,7.5万,2656,7351,9821
进村不见房，家家住豪宅，这便是渭北八百里秦川的真实写照 #地坑式窑洞 #非遗 #纪录片解说 #涨知识了 ,https://www.douyin.com/video/7244862924718689596,https://p3-pc-sign.douyinpic.com/tos-cn-i-0004/oQAiVIEQBoAf3hX6CHIPHRtGAWzKABAIyAxyLK~tplv-dy-cropcenter:323:430.jpeg?biz_tag=pcweb_cover&from=3213915784&s=PackSourceEnum_PUBLISH&sc=cover&se=true&sh=323_430&x-expires=2032959600&x-signature=sLhQdvwpjSebHCs0YDjy3tXUXHI%3D,724,724,13,120,59
原来这才是真正的“桐烟徽墨”不但写字漆黑润泽，还能做到千年不褪色#桐烟徽墨 #非遗传承 #传统文化 #涨知识了,https://www.douyin.com/video/7244497025499237687,https://p3-pc-sign.douyinpic.com/tos-cn-i-0004/oMInkiAWLf0ZAC3a9S8AYlAADCCzJwAEXgbeRn~tplv-dy-cropcenter:323:430.jpeg?biz_tag=pcweb_cover&from=3213915784&s=PackSourceEnum_PUBLISH&sc=cover&se=true&sh=323_430&x-expires=2032959600&x-signature=TjZdz6MXF2FGLTkvpybx2YEmAI4%3D,1382,1383,62,423,88
探秘少数民族“三大名刀之一”的英吉沙小刀是如何制作的 #匠心制作 #非遗传承 #英吉沙小刀 #探秘 ,https://www.douyin.com/video/7244122170580798757,https://p3-pc-sign.douyinpic.com/tos-cn-i-0004/2c2f2bed6663481bb0ad5ba6c0b7ad2f~tplv-dy-cropcenter:323:430.jpeg?biz_tag=pcweb_cover&from=3213915784&s=PackSourceEnum_PUBLISH&sc=cover&se=true&sh=323_430&x-expires=2032959600&x-signature=Op1MirFzqhCnHfuYp%2BvjptFCRUU%3D,425,424,25,84,21
原来几颗破石头和一点大米浆也能做成豆腐，不但柔软Q弹，吃法更是大开眼界 #米豆腐 #美食 #制作过程 #涨知识,https://www.douyin.com/video/7243769436417576252,https://p3-pc-sign.douyinpic.com/tos-cn-i-0004/de516c2e7e5d40779832848883a77001~tplv-dy-cropcenter:323:430.jpeg?biz_tag=pcweb_cover&from=3213915784&s=PackSourceEnum_PUBLISH&sc=cover&se=true&sh=323_430&x-expires=2032959600&x-signature=o%2Flg4AH7ow%2FawXIAfsKDz9Jg3sg%3D,1278,1284,166,364,187
这是大多数人没有见过的表演“阆中皮影戏”制作过程更是大开眼界 #皮影戏 #非遗传承 #传统文化 #涨知识了 ,https://www.douyin.com/video/7243378977149193528,https://p3-pc-sign.douyinpic.com/tos-cn-i-0004/6dd7b223279b43979eb78a71d7688476~tplv-dy-cropcenter:323:430.jpeg?biz_tag=pcweb_cover&from=3213915784&s=PackSourceEnum_PUBLISH&sc=cover&se=true&sh=323_430&x-expires=2032959600&x-signature=eZ1RG9yx6BUGrXvlsUWPKUbt7QU%3D,682,686,22,242,289
原来早在一千年前古人就发明了打火机，名叫“火折子” #火折子 #传统文化季 #制作过程 #涨知识 ,https://www.douyin.com/video/7243030217499872516,https://p9-pc-sign.douyinpic.com/tos-cn-i-0004/20f5690edc614a0881699f3c63bab1f0~tplv-dy-cropcenter:323:430.jpeg?biz_tag=pcweb_cover&from=3213915784&s=PackSourceEnum_PUBLISH&sc=cover&se=true&sh=323_430&x-expires=2032959600&x-signature=XoN8PLk0u%2F4H%2FVygh74e0eIwiF8%3D,1.2万,1.2万,890,2851,1237
这是绝大多数人没有见过的职业“长白山寻参人”整个过程堪比绝地求生 #非遗 #传统文化 #探秘 #纪录片解说 ,https://www.douyin.com/video/7242275354000248125,https://p3-pc-sign.douyinpic.com/tos-cn-i-0004/2a208e4d4347498b9b0f4b09455f326c~tplv-dy-cropcenter:323:430.jpeg?biz_tag=pcweb_cover&from=3213915784&s=PackSourceEnum_PUBLISH&sc=cover&se=true&sh=323_430&x-expires=2032959600&x-signature=WBEOlIv%2BZDsjrxtXLL9lRxlGvtM%3D,1649,1650,111,314,78
原来文字中记载的“上刀山”真的存在，在少数苗族就延续着这门绝技  #非遗 #传统文化 #探秘 #纪录片解说 ,https://www.douyin.com/video/7241882834917428518,https://p3-pc-sign.douyinpic.com/tos-cn-i-0004/aef565e3cbae4e149b9ae9b9fb52dc69~tplv-dy-cropcenter:323:430.jpeg?biz_tag=pcweb_cover&from=3213915784&s=PackSourceEnum_PUBLISH&sc=cover&se=true&sh=323_430&x-expires=2032959600&x-signature=bXYHu%2B%2F80HV2%2BosDhat2KU17wjo%3D,8.5万,8.5万,2547,7193,4881
谁说甘肃人一生只洗三次澡？他们发明这个水窖成功实现洗澡自由 #干旱水窖 #非遗传承 #纪录片解说 #涨知识了 ,https://www.douyin.com/video/7241152893141683493,https://p3-pc-sign.douyinpic.com/tos-cn-i-0004/a15f5993d4fe40c887fe3bd625913350~tplv-dy-cropcenter:323:430.jpeg?biz_tag=pcweb_cover&from=3213915784&s=PackSourceEnum_PUBLISH&sc=cover&se=true&sh=323_430&x-expires=2032959600&x-signature=7HO%2BOxgzfD9tZ%2BLGti6nvYvnOaA%3D,9.5万,9.5万,5129,5897,1.4万
一只又黑又臭的臭猪肉，为何主人几十万天价都不卖呢？#非遗 #传统文化 #臭猪肉 #涨知识了,https://www.douyin.com/video/7240420162279574822,https://p3-pc-sign.douyinpic.com/tos-cn-i-dy/e22680c62d6145c39c9b175b2686e44d~tplv-dy-cropcenter:323:430.jpeg?biz_tag=pcweb_cover&from=3213915784&s=PackSourceEnum_PUBLISH&sc=cover&se=true&sh=323_430&x-expires=2032959600&x-signature=TgywlVsha2Czgcqcd%2FflXp%2BkEBk%3D,2783,2782,558,415,1193
这道云南大理特色美食“白族生皮”，你敢吃吗？ #白族生皮 #美食 #传承文化 #涨知识 ,https://www.douyin.com/video/7240040845586582821,https://p3-pc-sign.douyinpic.com/tos-cn-i-0004/ab1b15e20b1e47bda3ad6c5595e834b1~tplv-dy-cropcenter:323:430.jpeg?biz_tag=pcweb_cover&from=3213915784&s=PackSourceEnum_PUBLISH&sc=cover&se=true&sh=323_430&x-expires=2032959600&x-signature=zeIN8hWw3VUP58%2BrsCdZmfIK4r8%3D,2.2万,2.2万,6817,1696,1.1万
这是看一眼就少一眼的老手艺“桦皮船制作”是鄂伦春人最原始的水上工具 #桦皮船 #非遗 #传统文化 #涨知识了 ,https://www.douyin.com/video/7239660457722645792,https://p3-pc-sign.douyinpic.com/tos-cn-i-0004/0a34cb6e234a4c59a99324c1b86f6693~tplv-dy-cropcenter:323:430.jpeg?biz_tag=pcweb_cover&from=3213915784&s=PackSourceEnum_PUBLISH&sc=cover&se=true&sh=323_430&x-expires=2032959600&x-signature=2fv3W2vpmRcrj2VzqeK7s%2BlfM74%3D,2169,2170,56,254,92
一个陶罐关系着黎族人的生死命运 #非遗传承#黎族文化 #传统手艺 #涨知识了 ,https://www.douyin.com/video/7239304480649530680,https://p3-pc-sign.douyinpic.com/tos-cn-i-0004/86dae8cd379e46ebbfcbc584d2e95893~tplv-dy-cropcenter:323:430.jpeg?biz_tag=pcweb_cover&from=3213915784&s=PackSourceEnum_PUBLISH&sc=cover&se=true&sh=323_430&x-expires=2032959600&x-signature=LTk36RFg73ZxFfCJKPd0f6heSPI%3D,5.0万,5.0万,589,2315,898
原来“古法鹅梨帐中香”是这么做的#非遗传承 #鹅梨帐中香 #传统手艺 #涨知识了,https://www.douyin.com/video/7238928689214311680,https://p3-pc-sign.douyinpic.com/tos-cn-i-0813/0c196f9b2a094487af2ad563107ccaf4~tplv-dy-cropcenter:323:430.jpeg?biz_tag=pcweb_cover&from=3213915784&s=PackSourceEnum_PUBLISH&sc=cover&se=true&sh=323_430&x-expires=2032959600&x-signature=dKlOgMN27%2B1hG2Aag3iSnYRTKjY%3D,1892,1893,57,654,136
一块石头居然能卖上百万，而它就是被誉为四大名砚之一的“歙砚” #非遗传承 #歙砚 #手艺人 #涨知识,https://www.douyin.com/video/7238184230201593145,https://p3-pc-sign.douyinpic.com/tos-cn-i-0004/d0ea72bb714e412b8596b36fa7c71a4c~tplv-dy-cropcenter:323:430.jpeg?biz_tag=pcweb_cover&from=3213915784&s=PackSourceEnum_PUBLISH&sc=cover&se=true&sh=323_430&x-expires=2032959600&x-signature=QspxT7yOjtJao3aWmfjJCqjI62U%3D,655,655,18,124,48
这是看一眼就少一眼的老手艺“弹棉匠”，传统的弹棉花居然这么复杂 #弹棉花 #老手艺 #传承 #涨知识,https://www.douyin.com/video/7237810834246798595,https://p3-pc-sign.douyinpic.com/tos-cn-i-0004/e3bfa8e7216d4c75b346a5c3f92fc738~tplv-dy-cropcenter:323:430.jpeg?biz_tag=pcweb_cover&from=3213915784&s=PackSourceEnum_PUBLISH&sc=cover&se=true&sh=323_430&x-expires=2032959600&x-signature=L0VFREqajc0%2BSjkP3tYFQi2YZD4%3D,2324,2326,80,326,100
吃鸡不拔毛，杀鸡不用一滴水，制作过程更是让你大开眼界！ #毛腌鸡 #传统美食 #传承 #涨知识,https://www.douyin.com/video/7237444984205511992,https://p3-pc-sign.douyinpic.com/tos-cn-i-0004/69be54b8039c4afdabec47e2b65dd295~tplv-dy-cropcenter:323:430.jpeg?biz_tag=pcweb_cover&from=3213915784&s=PackSourceEnum_PUBLISH&sc=cover&se=true&sh=323_430&x-expires=2032959600&x-signature=CHa2n%2B8GaiLbIX4j2T1wLbB6eG4%3D,2372,2372,206,458,711
原来看似简单的“三维拓印”居然这么复杂，拼接过程更是让你大开眼界 #拓印 #非遗传承 #纪录片解说 #涨知识,https://www.douyin.com/video/7237083549638135044,https://p3-pc-sign.douyinpic.com/tos-cn-i-0004/5d45424ffa4c449e88e28190fa4ee624~tplv-dy-cropcenter:323:430.jpeg?biz_tag=pcweb_cover&from=3213915784&s=PackSourceEnum_PUBLISH&sc=cover&se=true&sh=323_430&x-expires=2032959600&x-signature=9ZkMQcEoeDHonuxtJbfDTD5tZNA%3D,9281,9282,114,554,308
原来这才是真正的“陈楼糖瓜”，也是只有春节才能吃到的非遗美食 #糖瓜 #非遗美食 #纪录片 #涨知识,https://www.douyin.com/video/7236706526449110309,https://p3-pc-sign.douyinpic.com/tos-cn-i-0004/d2cb079b6adf40ccb57f80aefc2789a1~tplv-dy-cropcenter:323:430.jpeg?biz_tag=pcweb_cover&from=3213915784&s=PackSourceEnum_PUBLISH&sc=cover&se=true&sh=323_430&x-expires=2032959600&x-signature=4q8nerkM4dreBX06rXHoMshXC0k%3D,38.1万,38.1万,2.5万,2.5万,5.8万
原来这才是真正的“无烟蜡烛”，光是制作工序就让很多人望而却步 #无烟蜡烛 #传统文化 #古法技艺 #涨知识,https://www.douyin.com/video/7236331505100868920,https://p3-pc-sign.douyinpic.com/tos-cn-i-0004/3e1e2c7ad6324262b2971ad7e239e1d3~tplv-dy-cropcenter:323:430.jpeg?biz_tag=pcweb_cover&from=3213915784&s=PackSourceEnum_PUBLISH&sc=cover&se=true&sh=323_430&x-expires=2032959600&x-signature=J6jUscmw5hYN76nt9qNhSp1OpLc%3D,2.8万,2.8万,1148,9191,1587
原来“西瓜霜”真是西瓜做的，那么你知道西瓜霜有什么作用吗？ #西瓜霜 #非遗传承 #传统手艺 #涨知识,https://www.douyin.com/video/7235958608020770103,https://p9-pc-sign.douyinpic.com/tos-cn-i-0004/145bb0eeadc04d4ea59b03388a384971~tplv-dy-cropcenter:323:430.jpeg?biz_tag=pcweb_cover&from=3213915784&s=PackSourceEnum_PUBLISH&sc=cover&se=true&sh=323_430&x-expires=2032959600&x-signature=ZrPzsX8VsmojH4QKhUR1qg8mUoc%3D,4.3万,4.3万,3036,4845,7601
看一眼就少一眼的老手艺，几块钱的“蒲扇”制作工序居然这么复杂 #蒲扇 #传统手艺 #匠心制作 #涨知识,https://www.douyin.com/video/7235588966689410307,https://p3-pc-sign.douyinpic.com/tos-cn-i-0004/95c958ce35d6476496ffb8b768baf664~tplv-dy-cropcenter:323:430.jpeg?biz_tag=pcweb_cover&from=3213915784&s=PackSourceEnum_PUBLISH&sc=cover&se=true&sh=323_430&x-expires=2032959600&x-signature=tky4JVhKp3a8Yat0l%2Fs25dSSlOA%3D,2.6万,2.6万,2068,2404,4209
穿越必备技能之一，古法蚊香制作#蚊香 #传统手艺 #高手在民间 #涨知识,https://www.douyin.com/video/7234847305738800442,https://p3-pc-sign.douyinpic.com/tos-cn-i-dy/i6d50c25da54747a49f648132d8432b69~tplv-dy-cropcenter:323:430.jpeg?biz_tag=pcweb_cover&from=3213915784&s=PackSourceEnum_PUBLISH&sc=cover&se=true&sh=323_430&x-expires=2032959600&x-signature=XftfF9y26FyzDZrvgjkatXsV97s%3D,3805,3809,99,2352,646
中国传承3000多年的筷子，韩国却想申遗，日本居然还设立筷子节#筷子 #中国文化 #传承文化 #涨知识了,https://www.douyin.com/video/7234476254043409720,https://p3-pc-sign.douyinpic.com/tos-cn-i-dy/i838f2d6b13484886aa0247a157d8715c~tplv-dy-cropcenter:323:430.jpeg?biz_tag=pcweb_cover&from=3213915784&s=PackSourceEnum_PUBLISH&sc=cover&se=true&sh=323_430&x-expires=2032959600&x-signature=Wt54VLYk3unM66myjhyiKZ32Icg%3D,1036,1037,34,256,139
原来古代的坛子是这么绑的，只看一遍你能学会吗？#手工制作 #高手在民间 #传统手艺,https://www.douyin.com/video/7234016850403675424,https://p3-pc-sign.douyinpic.com/tos-cn-i-dy/i8a479a8b5058448f9facef3e532214e9~tplv-dy-cropcenter:323:430.jpeg?biz_tag=pcweb_cover&from=3213915784&s=PackSourceEnum_PUBLISH&sc=cover&se=true&sh=323_430&x-expires=2032959600&x-signature=eZDrbCuUajWGy%2FxIJ7kE2uF0ivc%3D,1373,1373,15,642,129
古代男子用斧子猛敲木头，就能长出很多香菇，这也太神奇了吧#香菇 #美食 #传承文化 #纪录片 #大自然的馈赠,https://www.douyin.com/video/7233742741073693964,https://p3-pc-sign.douyinpic.com/tos-cn-i-dy/ie1708ed00a7044eb9ce33b610b0fb82e~tplv-dy-cropcenter:323:430.jpeg?biz_tag=pcweb_cover&from=3213915784&s=PackSourceEnum_PUBLISH&sc=cover&se=true&sh=323_430&x-expires=2032959600&x-signature=Zm5fdPiotz3XNUIwJ%2FHpCl00wmg%3D,938,939,43,200,51
90后任性女孩回到农村，花费3万元耗时150天，纯手工打造了一座故宫亭子#故宫亭子 #手艺人 #非遗 #传统文化 #复刻,https://www.douyin.com/video/7233366051872902459,https://p3-pc-sign.douyinpic.com/tos-cn-i-dy/ibc23be99820c465596fc6611f1542839~tplv-dy-cropcenter:323:430.jpeg?biz_tag=pcweb_cover&from=3213915784&s=PackSourceEnum_PUBLISH&sc=cover&se=true&sh=323_430&x-expires=2032959600&x-signature=V6%2Br8mbFmcr85%2FL4UI115OxU0Sw%3D,6.8万,6.8万,1214,4446,4516
盲人篾匠老父亲为了养大四个儿女，每天都要坚持破竹取篾编织竹篓#盲人 #篾匠 #传统手艺 #感人 #父亲,https://www.douyin.com/video/7232632956727151930,https://p3-pc-sign.douyinpic.com/tos-cn-i-dy/i688ea0e829064a06a6a7d3fd5985c759~tplv-dy-cropcenter:323:430.jpeg?biz_tag=pcweb_cover&from=3213915784&s=PackSourceEnum_PUBLISH&sc=cover&se=true&sh=323_430&x-expires=2032959600&x-signature=hATVpi8L915P96AeUPu0Ntyjykw%3D,22.4万,22.4万,7281,1.0万,8417
原来没人要的椰子壳也能变废为宝，制作过程更是让你大开眼界！#椰壳炭 #制作过程#椰子壳  #变废为宝,https://www.douyin.com/video/7232253339780664631,https://p3-pc-sign.douyinpic.com/tos-cn-i-dy/i8f32e1b0adc24daa984600c25acd7b36~tplv-dy-cropcenter:323:430.jpeg?biz_tag=pcweb_cover&from=3213915784&s=PackSourceEnum_PUBLISH&sc=cover&se=true&sh=323_430&x-expires=2032959600&x-signature=xdbHwUxGy2R9p9uSQMO7%2BxkVjnI%3D,871,871,23,195,48
这是一件真实的金婚感人故事。非遗传承的不仅仅是技艺，还有初心#爱情 #老人 #金婚 #非遗 #手艺人,https://www.douyin.com/video/7231528130224213252,https://p3-pc-sign.douyinpic.com/tos-cn-i-dy/i423e625f55164db1b273492301428f18~tplv-dy-cropcenter:323:430.jpeg?biz_tag=pcweb_cover&from=3213915784&s=PackSourceEnum_PUBLISH&sc=cover&se=true&sh=323_430&x-expires=2032959600&x-signature=K6mHDoacgzEsmZAp446KJMLcHHs%3D,636,636,7,139,38
原来“古法地瓜烧”是这么做的#地瓜烧 #古法技艺 #传统酿酒工艺 #涨知识了,https://www.douyin.com/video/7231140795514932512,https://p3-pc-sign.douyinpic.com/tos-cn-i-dy/ia2825b8dc97b4f7595850b2f9fffa0fa~tplv-dy-cropcenter:323:430.jpeg?biz_tag=pcweb_cover&from=3213915784&s=PackSourceEnum_PUBLISH&sc=cover&se=true&sh=323_430&x-expires=2032959600&x-signature=rPo3J08GAH5AxFwVFYjMfaymUuo%3D,10.2万,10.2万,2738,1.7万,4980
探索古法海盐的制作过程，这里是位于巴厘岛的一处古法制盐作坊#海盐 #古法制盐 #制作过程#传统手艺  #涨知识了,https://www.douyin.com/video/7230760206676905271,https://p9-pc-sign.douyinpic.com/tos-cn-i-dy/i83517fc2e844415894d4e2f25bc98541~tplv-dy-cropcenter:323:430.jpeg?biz_tag=pcweb_cover&from=3213915784&s=PackSourceEnum_PUBLISH&sc=cover&se=true&sh=323_430&x-expires=2032959600&x-signature=x3dZRfWtCFNS%2FookUubok22xuBc%3D,429,429,16,78,35
原来树叶和草木灰也能做成豆腐，不但柔软Q弹，吃法更是大开眼界#神仙豆腐 #美食 #制作过程 #涨知识,https://www.douyin.com/video/7229600442987121932,https://p3-pc-sign.douyinpic.com/tos-cn-i-dy/i7b2901800ae64acaa34d460b086433e3~tplv-dy-cropcenter:323:430.jpeg?biz_tag=pcweb_cover&from=3213915784&s=PackSourceEnum_PUBLISH&sc=cover&se=true&sh=323_430&x-expires=2032959600&x-signature=nA9aph60RaoWakMnDQbDiRN5iYc%3D,746,747,61,229,135
坚守了一辈子“傣族油纸伞”手艺的老人走了，但他留下的这段传承故事却没消失#傣族油纸伞 #手艺人 #非遗传承 #文化传承,https://www.douyin.com/video/7229287024602238219,https://p3-pc-sign.douyinpic.com/tos-cn-i-dy/ie5eaf3cd20bc4fb1a3952d601e3b1e0e~tplv-dy-cropcenter:323:430.jpeg?biz_tag=pcweb_cover&from=3213915784&s=PackSourceEnum_PUBLISH&sc=cover&se=true&sh=323_430&x-expires=2032959600&x-signature=6iAGlYUJuzZ9Bph9Xoa82audWmM%3D,1.2万,1.2万,326,1476,625
大多数人没有见过的工作“磨刀匠”，辛辛苦苦几个小时才几块钱，是一代人的回忆！#磨刀匠 #手艺人 #文化 #老手艺,https://www.douyin.com/video/7228898971635305732,https://p3-pc-sign.douyinpic.com/tos-cn-i-dy/i86343cca8a8a49848e9cf8dad3057b5c~tplv-dy-cropcenter:323:430.jpeg?biz_tag=pcweb_cover&from=3213915784&s=PackSourceEnum_PUBLISH&sc=cover&se=true&sh=323_430&x-expires=2032959600&x-signature=YuTdNP0faZfKCLmtBzwndTLvj9c%3D,523,523,32,118,24
大多数人人没有见过的工作“补锅匠”，修修补补几个小时才几块钱，怪不得消失了#补锅匠 #手艺人 #文化 #匠人精神,https://www.douyin.com/video/7228522816797297978,https://p3-pc-sign.douyinpic.com/tos-cn-i-dy/i5b58f51d0c5d4ed0af1de0fccbe962fd~tplv-dy-cropcenter:323:430.jpeg?biz_tag=pcweb_cover&from=3213915784&s=PackSourceEnum_PUBLISH&sc=cover&se=true&sh=323_430&x-expires=2032959600&x-signature=LtptN9vpDhOIZATfxumWfOrCtVc%3D,718,718,49,113,63
原来枇杷膏里面没有枇杷，穿越必备技能，“古法枇杷膏”制作！#枇杷膏  #枇杷叶 #制作过程 #古法制作 #非遗传承,https://www.douyin.com/video/7228173473179307296,https://p3-pc-sign.douyinpic.com/tos-cn-i-dy/6282cfa8947a438b9c15389175ceb77f~tplv-dy-cropcenter:323:430.jpeg?biz_tag=pcweb_cover&from=3213915784&s=PackSourceEnum_PUBLISH&sc=cover&se=true&sh=323_430&x-expires=2032959600&x-signature=82d3bwiOGKJFDU8LQLOoJSEguqY%3D,6107,6107,174,2427,1367
原来“中式婚书”才是真浪漫！纯铜打制、经久如新，是爱情最好的见证！#中式婚书 #爱情誓言 #手艺人,https://www.douyin.com/video/7227426117202890045,https://p3-pc-sign.douyinpic.com/tos-cn-i-dy/i77cebb6c6b1f4cb8a0569fb1ace49ef4~tplv-dy-cropcenter:323:430.jpeg?biz_tag=pcweb_cover&from=3213915784&s=PackSourceEnum_PUBLISH&sc=cover&se=true&sh=323_430&x-expires=2032959600&x-signature=3syckcO0ScsNCiu7jD3Mlwa0ZbM%3D,39.3万,39.3万,3.1万,5.3万,11.2万
原来传承千年的“木杆秤”蕴藏这么多学问，制作工序也繁琐复杂。你会使用木杆秤吗？#木杆秤 #非遗 #手艺人 #涨知识,https://www.douyin.com/video/7226686229415333179,https://p3-pc-sign.douyinpic.com/tos-cn-i-dy/i67d7a2e451b843d98686b436846aa926~tplv-dy-cropcenter:323:430.jpeg?biz_tag=pcweb_cover&from=3213915784&s=PackSourceEnum_PUBLISH&sc=cover&se=true&sh=323_430&x-expires=2032959600&x-signature=Wcpyr0zTfy4CRX3tqM%2BPbSNtFQM%3D,641,642,12,160,97
“龙芯之母”黄令仪，2023年4月20日5时0分，在北京大学第三医院去世，享年86岁#芯片 #科技 #中国制造 #科学家 #黄令仪,https://www.douyin.com/video/7226312066167033144,https://p3-pc-sign.douyinpic.com/tos-cn-i-dy/ib7232c4010a04ad4b8d247ed2e07f59c~tplv-dy-cropcenter:323:430.jpeg?biz_tag=pcweb_cover&from=3213915784&s=PackSourceEnum_PUBLISH&sc=cover&se=true&sh=323_430&x-expires=2032959600&x-signature=j%2BlGGa6C5VA%2B7w4n5ULDkORBtv4%3D,919,918,20,91,28
原来野草也能做成衣服，作为彝族撒尼人的传统服饰“火草衣”，制作工序居然这么复杂#民族服饰 #火草衣 #彝族 #非物质文化遗产 #涨知识,https://www.douyin.com/video/7225951939605908739,https://p3-pc-sign.douyinpic.com/tos-cn-i-dy/icaab0be3a5ea42faa153931c0f50b990~tplv-dy-cropcenter:323:430.jpeg?biz_tag=pcweb_cover&from=3213915784&s=PackSourceEnum_PUBLISH&sc=cover&se=true&sh=323_430&x-expires=2032959600&x-signature=XaaadfkYR4qL3ptqaTXolNBg9As%3D,572,573,22,125,71
这么“硬核”的玩具公司你见过吗？真正的体现了培养从娃娃抓起#吉尔伯特 #核污染 #玩具 #科普 @DOU+小助手,https://www.douyin.com/video/7225570026198175009,https://p3-pc-sign.douyinpic.com/tos-cn-i-dy/iae615cae21eb4671b3653cbf9c5297e3~tplv-dy-cropcenter:323:430.jpeg?biz_tag=pcweb_cover&from=3213915784&s=PackSourceEnum_PUBLISH&sc=cover&se=true&sh=323_430&x-expires=2032959600&x-signature=syD6n5M0cHJ7sA7EQh8fTklCChg%3D,3706,3706,142,1201,339
大爷家里养了一坛神奇的“黑水”，每个月都要吃掉几十斤鸡鸭鱼肉，还得买火腿喂它#徽州臭豆腐 #民间传统美食 #纪录片充电计划 #科普,https://www.douyin.com/video/7225184637998468410,https://p3-pc-sign.douyinpic.com/tos-cn-i-dy/i6562c29092cd47529b47a5e5a54bb1f4~tplv-dy-cropcenter:323:430.jpeg?biz_tag=pcweb_cover&from=3213915784&s=PackSourceEnum_PUBLISH&sc=cover&se=true&sh=323_430&x-expires=2032959600&x-signature=x0%2F5O9HSFmmjU4D0DDIJITlM58c%3D,701,702,56,119,115
这是中国不超过10个人敢干的职业“火药雕刻师”，分毫之差就可能导致灰飞烟灭#大国工匠 #科普 #匠心制作 #纪录片充电计划,https://www.douyin.com/video/7224830055233473796,https://p3-pc-sign.douyinpic.com/tos-cn-i-dy/fa52d5a626b84773b367ebc1d71d5acc~tplv-dy-cropcenter:323:430.jpeg?biz_tag=pcweb_cover&from=3213915784&s=PackSourceEnum_PUBLISH&sc=cover&se=true&sh=323_430&x-expires=2032959600&x-signature=C45Vf%2BRfgYVWjqP0xA93FaHB5qU%3D,99.6万,99.6万,2.7万,4.2万,5.7万
几颗小石头，居然是中国送给外国元首的“国礼”，你敢相信吗？#非物质文化遗产 #云子 #制作过程 #科普,https://www.douyin.com/video/7224469127698582841,https://p3-pc-sign.douyinpic.com/tos-cn-i-0813/7495f38f858a4addb08bf4b58f875648~tplv-dy-cropcenter:323:430.jpeg?biz_tag=pcweb_cover&from=3213915784&s=PackSourceEnum_PUBLISH&sc=cover&se=true&sh=323_430&x-expires=2032959600&x-signature=q%2FD4bI3XKEYMBeq7pNCYXwM6TsA%3D,882,883,32,197,54
原来吃螃蟹可以不用剥壳，这种刚蜕去外壳的螃蟹柔软Q弹，鲜美至极 #软壳蟹  #纪录片充电计划 #美食 #科普 ,https://www.douyin.com/video/7224089429005126944,https://p3-pc-sign.douyinpic.com/tos-cn-i-0004/75c626fdce324141a990fb2468c3ac48~tplv-dy-cropcenter:323:430.jpeg?biz_tag=pcweb_cover&from=3213915784&s=PackSourceEnum_PUBLISH&sc=cover&se=true&sh=323_430&x-expires=2032959600&x-signature=NxMVdd2TwbhlUcEmV2In5nU2JSM%3D,7.0万,7.0万,2293,4685,1.3万
原来小时候看的“葫芦娃”是用剪刀剪出来的，传统的剪纸技艺成就了一代经典！#葫芦娃 #剪纸#经典  #动画 #匠人精神,https://www.douyin.com/video/7223726655477419301,https://p9-pc-sign.douyinpic.com/tos-cn-i-dy/i77e54d7ad6054d25b8dac49977ddd86e~tplv-dy-cropcenter:323:430.jpeg?biz_tag=pcweb_cover&from=3213915784&s=PackSourceEnum_PUBLISH&sc=cover&se=true&sh=323_430&x-expires=2032959600&x-signature=pqav5c9F1ClRavrAyRImGobL%2FXM%3D,14.3万,14.3万,1.5万,6776,6.9万
国画界的“鬼才”，孙悟空大闹天宫居然遇到了钢铁侠#国画 #艺术 #手艺人 #绘画 #抖音二创激励计划,https://www.douyin.com/video/7223240095619484984,https://p3-pc-sign.douyinpic.com/tos-cn-i-dy/ib13c410b213b47ce8dccd69538bfd51f~tplv-dy-cropcenter:323:430.jpeg?biz_tag=pcweb_cover&from=3213915784&s=PackSourceEnum_PUBLISH&sc=cover&se=true&sh=323_430&x-expires=2032959600&x-signature=Akjtk9cgxAHrhom4FGJMPGsXSLs%3D,741,741,21,351,50
原来唐僧西天取回来的真经是长这样，刻在叶片上的经文居然可以传承千年#贝叶经 #非物质文化遗产 #传统文化 #匠心制作,https://www.douyin.com/video/7222988191333174560,https://p3-pc-sign.douyinpic.com/tos-cn-i-dy/i014ca73dce524afa93681924ee34522d~tplv-dy-cropcenter:323:430.jpeg?biz_tag=pcweb_cover&from=3213915784&s=PackSourceEnum_PUBLISH&sc=cover&se=true&sh=323_430&x-expires=2032959600&x-signature=VXnjvYtoEjSu%2BDDJ241ZlnKMqKc%3D,1630,1633,53,174,135
原来简单的“鱼竿”制作这么讲究，你用过竹鱼竿吗？#鱼竿 #装备 #手艺人#非遗 #制作过程#抖音二创激励计划 ,https://www.douyin.com/video/7222601487883521335,https://p3-pc-sign.douyinpic.com/tos-cn-i-0004/a3b6d1c3469540269583da29ca729a8e~tplv-dy-cropcenter:323:430.jpeg?biz_tag=pcweb_cover&from=3213915784&s=PackSourceEnum_PUBLISH&sc=cover&se=true&sh=323_430&x-expires=2032959600&x-signature=1RN6xdcFyX7ZT2PwSIIkHJk0ieU%3D,1.3万,1.3万,1012,2214,1553
原来中国古人这个“浪漫”，一朵指尖上绕出的缠花传递了无限的美好寓意#手艺人 #非遗 #缠花 #艺术品 #抖音放映厅,https://www.douyin.com/video/7222255898863914278,https://p3-pc-sign.douyinpic.com/tos-cn-i-dy/i344738438cb74179b01a189b27d95c55~tplv-dy-cropcenter:323:430.jpeg?biz_tag=pcweb_cover&from=3213915784&s=PackSourceEnum_PUBLISH&sc=cover&se=true&sh=323_430&x-expires=2032959600&x-signature=bA2fyo1lMU%2B3I55aFNr3v915W%2BY%3D,319,321,5,127,182
大爷家里的醋缸居然长出“肥肉”，你知道是什么东西吗？你敢吃吗？#醋宝 #科普 #民间传统美食 #纪录片充电计划,https://www.douyin.com/video/7221500323691547960,https://p3-pc-sign.douyinpic.com/tos-cn-i-dy/i2f8863bb0e2d4748ac33dc364083fb6f~tplv-dy-cropcenter:323:430.jpeg?biz_tag=pcweb_cover&from=3213915784&s=PackSourceEnum_PUBLISH&sc=cover&se=true&sh=323_430&x-expires=2032959600&x-signature=tXqBU0Ucsl8px4Bl6HELFbmjnJg%3D,727,729,69,123,77
女孩儿17年如一日，仅凭一根竹竿在江面上翩翩起舞，漂行水中如履平地！#独竹漂 #非遗 #高手在民间 #传统文化,https://www.douyin.com/video/7221126901434273061,https://p3-pc-sign.douyinpic.com/tos-cn-i-dy/i685b9a45886740998562faa68c0abe59~tplv-dy-cropcenter:323:430.jpeg?biz_tag=pcweb_cover&from=3213915784&s=PackSourceEnum_PUBLISH&sc=cover&se=true&sh=323_430&x-expires=2032959600&x-signature=eSwPJbCSXHGsJeu3uws9Z74m1GA%3D,5.5万,5.5万,841,1.7万,2990
原来鲜花也可以永不凋零，绒花早在唐朝时期就已流行，制作工艺更是细致复杂#非遗 #绒花 #手艺人 #永生花 #制作过程 #抖音放映厅,https://www.douyin.com/video/7220389403716275511,https://p3-pc-sign.douyinpic.com/tos-cn-i-dy/i3441d13bb9e14c6899c59e885c39b4f8~tplv-dy-cropcenter:323:430.jpeg?biz_tag=pcweb_cover&from=3213915784&s=PackSourceEnum_PUBLISH&sc=cover&se=true&sh=323_430&x-expires=2032959600&x-signature=tWrURiGpOq03LHeeJUpQEe8%2FCPg%3D,937,939,31,265,327
谁说古代人从不刷牙？人家用珍珠、竹盐做牙膏，用牛骨、猪毛做牙刷#传统文化 #手艺人 #牙膏牙刷 @鲁磊,https://www.douyin.com/video/7220006851608366374,https://p3-pc-sign.douyinpic.com/tos-cn-i-dy/i05dcb4335c7a4d74898c232bb0fd523d~tplv-dy-cropcenter:323:430.jpeg?biz_tag=pcweb_cover&from=3213915784&s=PackSourceEnum_PUBLISH&sc=cover&se=true&sh=323_430&x-expires=2032959600&x-signature=TFpv%2BDGx6NkvNhVN4HN1Qeec5Nk%3D,338,339,28,128,48
这是看一眼就少一眼的职业“修谱师”，运用一手的绝技撰写了一个家族的历史#谱师  #族谱 #活字印刷术 #传承 #抖音二创激励计划,https://www.douyin.com/video/7218145033587903781,https://p3-pc-sign.douyinpic.com/tos-cn-i-dy/ic1ffb080d2a94207a2cb4c069bddd1a8~tplv-dy-cropcenter:323:430.jpeg?biz_tag=pcweb_cover&from=3213915784&s=PackSourceEnum_PUBLISH&sc=cover&se=true&sh=323_430&x-expires=2032959600&x-signature=zqC4DlLDJVQOk2TtEXZbNP665sM%3D,586,587,31,125,45
中国非遗技艺被日本人偷学了，我们应该高兴还是失落呢？#徽墨 #非遗 #制作过程 #纪录片充电计划,https://www.douyin.com/video/7217772155902217530,https://p3-pc-sign.douyinpic.com/tos-cn-i-dy/i880670c0cee24646a73fe42e07867d1f~tplv-dy-cropcenter:323:430.jpeg?biz_tag=pcweb_cover&from=3213915784&s=PackSourceEnum_PUBLISH&sc=cover&se=true&sh=323_430&x-expires=2032959600&x-signature=tH2%2BZq8Elf4Y7vjtPmMRxbqsaIo%3D,333,334,46,85,21
这道爆炒鹅卵石堪称全世界最硬的一道菜，你想请谁吃呢？#嗦丢 #传统手艺 #美食 #纪录片充电计划,https://www.douyin.com/video/7217031815675137318,https://p3-pc-sign.douyinpic.com/tos-cn-i-dy/id07294538b4d4a279cf35b13b03602e1~tplv-dy-cropcenter:323:430.jpeg?biz_tag=pcweb_cover&from=3213915784&s=PackSourceEnum_PUBLISH&sc=cover&se=true&sh=323_430&x-expires=2032959600&x-signature=aKAuRvC74zlXRRsPSo%2BfYQjlfzM%3D,1400,1400,499,266,988
古代肥皂居然是贝壳和猪油做的，学会了就是穿越致富好方法#肥皂 #非遗传承 #传统手艺 #制作过程 #猪油 #贝壳,https://www.douyin.com/video/7215191578716015927,https://p3-pc-sign.douyinpic.com/tos-cn-i-dy/i88f6d06673494f5ca05d01860e7c621d~tplv-dy-cropcenter:323:430.jpeg?biz_tag=pcweb_cover&from=3213915784&s=PackSourceEnum_PUBLISH&sc=cover&se=true&sh=323_430&x-expires=2032959600&x-signature=v0zn7o%2F4PXE6XiZARF0e0ST9AsQ%3D,1398,1400,80,458,113
她被称为中国版杜莎夫人，还原的袁爷爷堪比真人，百万网友都纷纷为她点赞#蜡像 #袁隆平  #周雪蓉 #手艺人 #外婆 #暖心,https://www.douyin.com/video/7212950077009038647,https://p3-pc-sign.douyinpic.com/tos-cn-i-dy/i3ea7effb375d44a88b47218703471f51~tplv-dy-cropcenter:323:430.jpeg?biz_tag=pcweb_cover&from=3213915784&s=PackSourceEnum_PUBLISH&sc=cover&se=true&sh=323_430&x-expires=2032959600&x-signature=Cu56b3NoH1nEy8D4Sza3CcH3Uww%3D,5.6万,5.6万,106,2.8万,3973
国粹经典-川剧变脸，其中的绝技和秘密到底是什么？你知道多少呢？#川剧变脸 #非遗 #国粹 #绝技,https://www.douyin.com/video/7212201698331315495,https://p3-pc-sign.douyinpic.com/tos-cn-i-dy/i12544d6f5c524161a31f9a75143a2bde~tplv-dy-cropcenter:323:430.jpeg?biz_tag=pcweb_cover&from=3213915784&s=PackSourceEnum_PUBLISH&sc=cover&se=true&sh=323_430&x-expires=2032959600&x-signature=erSe9OUbnKTUQpw%2B98mp7NbB83w%3D,2.0万,2.1万,593,6151,3058
竹篮打水真的能不漏吗？竹编大师李加云用20年编织出不漏水的竹篮，还能在里面养鱼#纪录片 #竹编手艺人 #非遗,https://www.douyin.com/video/7206570238291250491,https://p3-pc-sign.douyinpic.com/tos-cn-i-dy/i6dd4d24aeb774544aad30859bcb8c5fb~tplv-dy-cropcenter:323:430.jpeg?biz_tag=pcweb_cover&from=3213915784&s=PackSourceEnum_PUBLISH&sc=cover&se=true&sh=323_430&x-expires=2032959600&x-signature=OGy5gIJaPasbtDtQ%2BFxRtfyPj%2FM%3D,1187,1188,160,176,88
谁说中国没有奢侈品，古法造纸，经过108道工序完成，一张纸12000元天价#三丈三宣纸 #纪录片 #传承 #造纸 #非遗,https://www.douyin.com/video/7204445513326808378,https://p3-pc-sign.douyinpic.com/tos-cn-i-dy/i38862db0a2814eb18d7ec1f60dacd631~tplv-dy-cropcenter:323:430.jpeg?biz_tag=pcweb_cover&from=3213915784&s=PackSourceEnum_PUBLISH&sc=cover&se=true&sh=323_430&x-expires=2032959600&x-signature=WWOtd4TBDirZBBEsetl3BGF2I2k%3D,7019,7033,490,1147,1538
